text
300,000000	1572,000000
301,000000	1220,000000
302,000000	1204,000000
303,000000	1332,000000
304,000000	4200,000000
305,000000	8976,000000
306,000000	8256,000000
307,000000	2948,000000
308,000000	2320,000000
309,000000	2348,000000
310,000000	1820,000000
311,000000	3312,000000
312,000000	22440,000000
313,000000	40852,000000
314,000000	33560,000000
315,000000	4332,000000
316,000000	1916,000000
317,000000	5944,000000
318,000000	22112,000000
319,000000	26000,000000
320,000000	17808,000000
321,000000	2192,000000
322,000000	1860,000000
323,000000	1956,000000
324,000000	2120,000000
325,000000	2272,000000
326,000000	2424,000000
327,000000	5328,000000
328,000000	59972,000000
329,000000	200240,000000
330,000000	216992,000000
331,000000	98544,000000
332,000000	2892,000000
333,000000	1556,000000
334,000000	1212,000000
335,000000	992,000000
336,000000	892,000000
337,000000	924,000000
338,000000	884,000000
339,000000	888,000000
340,000000	864,000000
341,000000	840,000000
342,000000	884,000000
343,000000	848,000000
344,000000	912,000000
345,000000	936,000000
346,000000	1460,000000
347,000000	2152,000000
348,000000	2056,000000
349,000000	5552,000000
350,000000	15708,000000
351,000000	15620,000000
352,000000	6544,000000
353,000000	1960,000000
354,000000	1916,000000
355,000000	1992,000000
356,000000	2176,000000
357,000000	2516,000000
358,000000	2928,000000
359,000000	3084,000000
360,000000	3048,000000
361,000000	2928,000000
362,000000	2564,000000
363,000000	2080,000000
364,000000	1532,000000
365,000000	1448,000000
366,000000	1672,000000
367,000000	1952,000000
368,000000	2272,000000
369,000000	2412,000000
370,000000	2552,000000
371,000000	2200,000000
372,000000	2160,000000
373,000000	2216,000000
374,000000	2340,000000
375,000000	2516,000000
376,000000	2620,000000
377,000000	2660,000000
378,000000	2788,000000
379,000000	3608,000000
380,000000	24800,000000
381,000000	172140,000000
382,000000	264480,000000
383,000000	203784,000000
384,000000	36448,000000
385,000000	3036,000000
386,000000	2632,000000
387,000000	3796,000000
388,000000	3328,000000
389,000000	3124,000000
390,000000	3328,000000
391,000000	3744,000000
392,000000	3992,000000
393,000000	4344,000000
394,000000	4224,000000
395,000000	4584,000000
396,000000	5148,000000
397,000000	6688,000000
398,000000	7848,000000
399,000000	8088,000000
400,000000	7772,000000
401,000000	6964,000000
402,000000	5312,000000
403,000000	3328,000000
404,000000	2748,000000
405,000000	2788,000000
406,000000	3612,000000
407,000000	4564,000000
408,000000	4776,000000
409,000000	4420,000000
410,000000	4316,000000
411,000000	4136,000000
412,000000	4648,000000
413,000000	5080,000000
414,000000	5336,000000
415,000000	5364,000000
416,000000	5768,000000
417,000000	9012,000000
418,000000	11360,000000
419,000000	24464,000000
420,000000	199936,000000
421,000000	383844,000000
422,000000	325372,000000
423,000000	35984,000000
424,000000	33892,000000
425,000000	33612,000000
426,000000	15492,000000
427,000000	11704,000000
428,000000	14708,000000
429,000000	19204,000000
430,000000	20344,000000
431,000000	20084,000000
432,000000	17972,000000
433,000000	14652,000000
434,000000	9236,000000
435,000000	4828,000000
436,000000	4852,000000
437,000000	5708,000000
438,000000	7080,000000
439,000000	8676,000000
440,000000	9080,000000
441,000000	9848,000000
442,000000	9000,000000
443,000000	8888,000000
444,000000	10072,000000
445,000000	10916,000000
446,000000	11292,000000
447,000000	11804,000000
448,000000	11036,000000
449,000000	10900,000000
450,000000	20008,000000
451,000000	218580,000000
452,000000	738176,000000
453,000000	735788,000000
454,000000	94340,000000
455,000000	4300,000000
456,000000	2296,000000
457,000000	1664,000000
458,000000	1424,000000
459,000000	1168,000000
460,000000	956,000000
461,000000	848,000000
462,000000	768,000000
463,000000	736,000000
464,000000	716,000000
465,000000	636,000000
466,000000	716,000000
467,000000	692,000000
468,000000	652,000000
469,000000	644,000000
470,000000	588,000000
471,000000	648,000000
472,000000	636,000000
473,000000	580,000000
474,000000	652,000000
475,000000	620,000000
476,000000	600,000000
477,000000	680,000000
478,000000	556,000000
479,000000	668,000000
480,000000	584,000000
481,000000	560,000000
482,000000	612,000000
483,000000	568,000000
484,000000	592,000000
485,000000	616,000000
486,000000	648,000000
487,000000	616,000000
488,000000	636,000000
489,000000	592,000000
490,000000	576,000000
491,000000	652,000000
492,000000	612,000000
493,000000	580,000000
494,000000	580,000000
495,000000	604,000000
496,000000	648,000000
497,000000	632,000000
498,000000	596,000000
499,000000	624,000000
500,000000	640,000000
501,000000	628,000000
502,000000	588,000000
503,000000	656,000000
504,000000	668,000000
505,000000	724,000000
506,000000	628,000000
507,000000	1292,000000
508,000000	2396,000000
509,000000	2472,000000
510,000000	756,000000
511,000000	748,000000
512,000000	848,000000
513,000000	976,000000
514,000000	1020,000000
515,000000	1124,000000
516,000000	1216,000000
517,000000	1272,000000
518,000000	1428,000000
519,000000	1576,000000
520,000000	1660,000000
521,000000	2412,000000
522,000000	17380,000000
523,000000	130708,000000
524,000000	204888,000000
525,000000	123160,000000
526,000000	2768,000000
527,000000	1516,000000
528,000000	1612,000000
529,000000	1648,000000
530,000000	1816,000000
531,000000	2076,000000
532,000000	2380,000000
533,000000	2936,000000
534,000000	2912,000000
535,000000	2988,000000
536,000000	2984,000000
537,000000	3308,000000
538,000000	4148,000000
539,000000	5460,000000
540,000000	6540,000000
541,000000	6540,000000
542,000000	6148,000000
543,000000	5056,000000
544,000000	3328,000000
545,000000	1820,000000
546,000000	1764,000000
547,000000	2224,000000
548,000000	2748,000000
549,000000	2748,000000
550,000000	2900,000000
551,000000	2956,000000
552,000000	2968,000000
553,000000	2732,000000
554,000000	2844,000000
555,000000	3060,000000
556,000000	3200,000000
557,000000	3256,000000
558,000000	3328,000000
559,000000	3028,000000
560,000000	3072,000000
561,000000	14800,000000
562,000000	110612,000000
563,000000	174076,000000
564,000000	57076,000000
565,000000	1780,000000
566,000000	1084,000000
567,000000	1008,000000
568,000000	1040,000000
569,000000	928,000000
570,000000	1000,000000
571,000000	1100,000000
572,000000	1136,000000
573,000000	1200,000000
574,000000	1020,000000
575,000000	756,000000
576,000000	644,000000
577,000000	608,000000
578,000000	548,000000
579,000000	456,000000
580,000000	472,000000
581,000000	488,000000
582,000000	564,000000
583,000000	564,000000
584,000000	564,000000
585,000000	556,000000
586,000000	600,000000
587,000000	500,000000
588,000000	600,000000
589,000000	552,000000
590,000000	580,000000
591,000000	572,000000
592,000000	1184,000000
593,000000	6524,000000
594,000000	12740,000000
595,000000	11164,000000
596,000000	10964,000000
597,000000	7968,000000
598,000000	324,000000
599,000000	252,000000
600,000000	200,000000
