4.825500000000000000e+04
4.817600000000000000e+04
4.824800000000000000e+04
4.821300000000000000e+04
4.814600000000000000e+04
4.837300000000000000e+04
4.813700000000000000e+04
4.786100000000000000e+04
4.806200000000000000e+04
4.827800000000000000e+04
4.837000000000000000e+04
4.839000000000000000e+04
4.846700000000000000e+04
4.804600000000000000e+04
4.847700000000000000e+04
4.847200000000000000e+04
4.812800000000000000e+04
4.816900000000000000e+04
4.833400000000000000e+04
4.846900000000000000e+04
4.804800000000000000e+04
4.814200000000000000e+04
4.846300000000000000e+04
4.837900000000000000e+04
4.813700000000000000e+04
4.861200000000000000e+04
4.860300000000000000e+04
4.831900000000000000e+04
4.843200000000000000e+04
4.831100000000000000e+04
4.858800000000000000e+04
4.815300000000000000e+04
4.859400000000000000e+04
4.840600000000000000e+04
4.838100000000000000e+04
4.824700000000000000e+04
4.826000000000000000e+04
4.859200000000000000e+04
4.844600000000000000e+04
4.817100000000000000e+04
4.882600000000000000e+04
4.804000000000000000e+04
4.834000000000000000e+04
4.802500000000000000e+04
4.847400000000000000e+04
4.817100000000000000e+04
4.828800000000000000e+04
4.811900000000000000e+04
4.775600000000000000e+04
4.838900000000000000e+04
4.835900000000000000e+04
4.790400000000000000e+04
4.859500000000000000e+04
4.814800000000000000e+04
4.788900000000000000e+04
4.832000000000000000e+04
4.822100000000000000e+04
4.828100000000000000e+04
4.807100000000000000e+04
4.821900000000000000e+04
4.799000000000000000e+04
4.807900000000000000e+04
4.810100000000000000e+04
4.815500000000000000e+04
4.850800000000000000e+04
4.820200000000000000e+04
4.817200000000000000e+04
4.796300000000000000e+04
4.811000000000000000e+04
4.824400000000000000e+04
4.801200000000000000e+04
4.807900000000000000e+04
4.801400000000000000e+04
4.799900000000000000e+04
4.811000000000000000e+04
4.853200000000000000e+04
4.819500000000000000e+04
4.778800000000000000e+04
4.863800000000000000e+04
4.847500000000000000e+04
4.838400000000000000e+04
4.827500000000000000e+04
4.838100000000000000e+04
4.843000000000000000e+04
4.826300000000000000e+04
4.853100000000000000e+04
4.836300000000000000e+04
4.831900000000000000e+04
4.843300000000000000e+04
4.859700000000000000e+04
4.805900000000000000e+04
4.830000000000000000e+04
4.833500000000000000e+04
4.828400000000000000e+04
4.812700000000000000e+04
4.808400000000000000e+04
4.823100000000000000e+04
4.839500000000000000e+04
4.843500000000000000e+04
4.837800000000000000e+04
4.821300000000000000e+04
4.781100000000000000e+04
4.805800000000000000e+04
4.867200000000000000e+04
4.824600000000000000e+04
4.831300000000000000e+04
4.837300000000000000e+04
4.843000000000000000e+04
4.803700000000000000e+04
4.815500000000000000e+04
4.856600000000000000e+04
4.814100000000000000e+04
4.825300000000000000e+04
4.817000000000000000e+04
4.846200000000000000e+04
4.833200000000000000e+04
4.825500000000000000e+04
4.823900000000000000e+04
4.822400000000000000e+04
4.829000000000000000e+04
4.845900000000000000e+04
4.842800000000000000e+04
4.870000000000000000e+04
4.870400000000000000e+04
4.837600000000000000e+04
4.865400000000000000e+04
4.805200000000000000e+04
4.823100000000000000e+04
4.864400000000000000e+04
4.825800000000000000e+04
4.841700000000000000e+04
4.827100000000000000e+04
4.827600000000000000e+04
4.852800000000000000e+04
4.810500000000000000e+04
4.832600000000000000e+04
4.828400000000000000e+04
4.852000000000000000e+04
4.815800000000000000e+04
4.833200000000000000e+04
4.837000000000000000e+04
4.844100000000000000e+04
4.823800000000000000e+04
4.856400000000000000e+04
4.843000000000000000e+04
4.804000000000000000e+04
4.836100000000000000e+04
4.804400000000000000e+04
4.847000000000000000e+04
4.825900000000000000e+04
4.784300000000000000e+04
4.838300000000000000e+04
4.872200000000000000e+04
4.812100000000000000e+04
4.831000000000000000e+04
4.820900000000000000e+04
4.829900000000000000e+04
4.832900000000000000e+04
4.810500000000000000e+04
4.825100000000000000e+04
4.821800000000000000e+04
4.826100000000000000e+04
4.828100000000000000e+04
4.853400000000000000e+04
4.826700000000000000e+04
4.835100000000000000e+04
4.826100000000000000e+04
4.847100000000000000e+04
4.780600000000000000e+04
4.811200000000000000e+04
4.804800000000000000e+04
4.792800000000000000e+04
4.811800000000000000e+04
4.814000000000000000e+04
4.803800000000000000e+04
4.837500000000000000e+04
4.819800000000000000e+04
4.822700000000000000e+04
4.872400000000000000e+04
4.822700000000000000e+04
4.812500000000000000e+04
4.807900000000000000e+04
4.799500000000000000e+04
4.799100000000000000e+04
4.822900000000000000e+04
4.810700000000000000e+04
4.856700000000000000e+04
4.799100000000000000e+04
4.803300000000000000e+04
4.815200000000000000e+04
4.789400000000000000e+04
4.808800000000000000e+04
4.831900000000000000e+04
4.778500000000000000e+04
4.783200000000000000e+04
4.831600000000000000e+04
4.789100000000000000e+04
4.822700000000000000e+04
4.802300000000000000e+04
4.839800000000000000e+04
4.815000000000000000e+04
4.814200000000000000e+04
4.826600000000000000e+04
4.810700000000000000e+04
4.845600000000000000e+04
4.878900000000000000e+04
4.824600000000000000e+04
4.818800000000000000e+04
4.835600000000000000e+04
4.820700000000000000e+04
4.813900000000000000e+04
4.809200000000000000e+04
4.822700000000000000e+04
4.870100000000000000e+04
4.786600000000000000e+04
4.807900000000000000e+04
4.814500000000000000e+04
4.820700000000000000e+04
4.819200000000000000e+04
4.814400000000000000e+04
4.771900000000000000e+04
4.847700000000000000e+04
4.816600000000000000e+04
4.844500000000000000e+04
4.830000000000000000e+04
4.856600000000000000e+04
4.855400000000000000e+04
4.824600000000000000e+04
4.824900000000000000e+04
4.799100000000000000e+04
4.825200000000000000e+04
4.835400000000000000e+04
4.871700000000000000e+04
4.857100000000000000e+04
4.843700000000000000e+04
4.838900000000000000e+04
4.848900000000000000e+04
4.842200000000000000e+04
4.828400000000000000e+04
4.824000000000000000e+04
4.809800000000000000e+04
4.814000000000000000e+04
4.799400000000000000e+04
4.804900000000000000e+04
4.803000000000000000e+04
4.781100000000000000e+04
4.835500000000000000e+04
4.841800000000000000e+04
4.808500000000000000e+04
4.831000000000000000e+04
4.816900000000000000e+04
4.829600000000000000e+04
4.804300000000000000e+04
4.840800000000000000e+04
4.817800000000000000e+04
4.806400000000000000e+04
4.865500000000000000e+04
4.821600000000000000e+04
4.852000000000000000e+04
4.829100000000000000e+04
4.832100000000000000e+04
4.849200000000000000e+04
4.817300000000000000e+04
4.838000000000000000e+04
4.820800000000000000e+04
4.817700000000000000e+04
4.842000000000000000e+04
4.853800000000000000e+04
4.837600000000000000e+04
4.827100000000000000e+04
4.857800000000000000e+04
4.802900000000000000e+04
4.822900000000000000e+04
4.798300000000000000e+04
4.829300000000000000e+04
4.850500000000000000e+04
4.810900000000000000e+04
4.864000000000000000e+04
4.858800000000000000e+04
4.837700000000000000e+04
4.806100000000000000e+04
4.806100000000000000e+04
4.807800000000000000e+04
4.838700000000000000e+04
4.822400000000000000e+04
4.836300000000000000e+04
4.840300000000000000e+04
4.836600000000000000e+04
4.848000000000000000e+04
4.837600000000000000e+04
4.807900000000000000e+04
4.821000000000000000e+04
4.807200000000000000e+04
4.829900000000000000e+04
4.801700000000000000e+04
4.806300000000000000e+04
4.842400000000000000e+04
4.799700000000000000e+04
4.821600000000000000e+04
4.774200000000000000e+04
4.815300000000000000e+04
4.847000000000000000e+04
4.837400000000000000e+04
4.804300000000000000e+04
4.798800000000000000e+04
4.821100000000000000e+04
4.838200000000000000e+04
4.845300000000000000e+04
4.866400000000000000e+04
4.833200000000000000e+04
4.795000000000000000e+04
4.818800000000000000e+04
4.809400000000000000e+04
4.820900000000000000e+04
4.840700000000000000e+04
4.856700000000000000e+04
4.838900000000000000e+04
4.841100000000000000e+04
4.795400000000000000e+04
4.843400000000000000e+04
4.793300000000000000e+04
4.794400000000000000e+04
4.780100000000000000e+04
4.824600000000000000e+04
4.831800000000000000e+04
4.818300000000000000e+04
4.789300000000000000e+04
4.837800000000000000e+04
4.802100000000000000e+04
4.833300000000000000e+04
4.820100000000000000e+04
4.816600000000000000e+04
4.810900000000000000e+04
4.778600000000000000e+04
4.791100000000000000e+04
4.760300000000000000e+04
4.810800000000000000e+04
4.773900000000000000e+04
4.830900000000000000e+04
4.765400000000000000e+04
4.772600000000000000e+04
4.787600000000000000e+04
4.793200000000000000e+04
4.764500000000000000e+04
4.758700000000000000e+04
4.725300000000000000e+04
4.743200000000000000e+04
4.753000000000000000e+04
4.685000000000000000e+04
4.744300000000000000e+04
4.678500000000000000e+04
4.732300000000000000e+04
4.662100000000000000e+04
4.627800000000000000e+04
4.611000000000000000e+04
4.510700000000000000e+04
4.415300000000000000e+04
4.362100000000000000e+04
4.259000000000000000e+04
4.061900000000000000e+04
3.883600000000000000e+04
3.733000000000000000e+04
3.620100000000000000e+04
3.624100000000000000e+04
3.779300000000000000e+04
3.952800000000000000e+04
4.104600000000000000e+04
4.224400000000000000e+04
4.402300000000000000e+04
4.465300000000000000e+04
4.558400000000000000e+04
4.572100000000000000e+04
4.651700000000000000e+04
4.688100000000000000e+04
4.708400000000000000e+04
4.745900000000000000e+04
4.717100000000000000e+04
4.706800000000000000e+04
4.767500000000000000e+04
4.743700000000000000e+04
4.747800000000000000e+04
4.743300000000000000e+04
4.787600000000000000e+04
4.749500000000000000e+04
4.769500000000000000e+04
4.735700000000000000e+04
4.772100000000000000e+04
4.771300000000000000e+04
4.811700000000000000e+04
4.804000000000000000e+04
4.809900000000000000e+04
4.789700000000000000e+04
4.782900000000000000e+04
4.836800000000000000e+04
4.766900000000000000e+04
4.815500000000000000e+04
4.848000000000000000e+04
4.745600000000000000e+04
4.789700000000000000e+04
4.757600000000000000e+04
4.808300000000000000e+04
4.820600000000000000e+04
4.785300000000000000e+04
4.768700000000000000e+04
4.787800000000000000e+04
4.780000000000000000e+04
4.772700000000000000e+04
4.814900000000000000e+04
4.754500000000000000e+04
4.796900000000000000e+04
4.781000000000000000e+04
4.756800000000000000e+04
4.776300000000000000e+04
4.728300000000000000e+04
4.772300000000000000e+04
4.721700000000000000e+04
4.716000000000000000e+04
4.697100000000000000e+04
4.692900000000000000e+04
4.685800000000000000e+04
4.622700000000000000e+04
4.543400000000000000e+04
4.496900000000000000e+04
4.367300000000000000e+04
4.220500000000000000e+04
4.104500000000000000e+04
3.919500000000000000e+04
3.837800000000000000e+04
3.835500000000000000e+04
3.962800000000000000e+04
4.140200000000000000e+04
4.279700000000000000e+04
4.426100000000000000e+04
4.483500000000000000e+04
4.597600000000000000e+04
4.643200000000000000e+04
4.706700000000000000e+04
4.720000000000000000e+04
4.771200000000000000e+04
4.728400000000000000e+04
4.776100000000000000e+04
4.755900000000000000e+04
4.727400000000000000e+04
4.783600000000000000e+04
4.750400000000000000e+04
4.779500000000000000e+04
4.769700000000000000e+04
4.821900000000000000e+04
4.809300000000000000e+04
4.789900000000000000e+04
4.796300000000000000e+04
4.802700000000000000e+04
4.815200000000000000e+04
4.801100000000000000e+04
4.808700000000000000e+04
4.779000000000000000e+04
4.777500000000000000e+04
4.773300000000000000e+04
4.767300000000000000e+04
4.809700000000000000e+04
4.790100000000000000e+04
4.783100000000000000e+04
4.866200000000000000e+04
4.756000000000000000e+04
4.856200000000000000e+04
4.807700000000000000e+04
4.819900000000000000e+04
4.807000000000000000e+04
4.834300000000000000e+04
4.809300000000000000e+04
4.784900000000000000e+04
4.795800000000000000e+04
4.814800000000000000e+04
4.772200000000000000e+04
4.746600000000000000e+04
4.781600000000000000e+04
4.760500000000000000e+04
4.784000000000000000e+04
4.792600000000000000e+04
4.793600000000000000e+04
4.754900000000000000e+04
4.743000000000000000e+04
4.764200000000000000e+04
4.715000000000000000e+04
4.731900000000000000e+04
4.693600000000000000e+04
4.692000000000000000e+04
4.596600000000000000e+04
4.538800000000000000e+04
4.497900000000000000e+04
4.325600000000000000e+04
4.245300000000000000e+04
4.200800000000000000e+04
4.218500000000000000e+04
4.298800000000000000e+04
4.435900000000000000e+04
4.537600000000000000e+04
4.603900000000000000e+04
4.649100000000000000e+04
4.694700000000000000e+04
4.687000000000000000e+04
4.772500000000000000e+04
4.754300000000000000e+04
4.758400000000000000e+04
4.763900000000000000e+04
4.756700000000000000e+04
4.795500000000000000e+04
4.763100000000000000e+04
4.782100000000000000e+04
4.776600000000000000e+04
4.778700000000000000e+04
4.810600000000000000e+04
4.796600000000000000e+04
4.784200000000000000e+04
4.807300000000000000e+04
4.799100000000000000e+04
4.740600000000000000e+04
4.787700000000000000e+04
4.816900000000000000e+04
4.760000000000000000e+04
4.792500000000000000e+04
4.814000000000000000e+04
4.811200000000000000e+04
4.790700000000000000e+04
4.765700000000000000e+04
4.785900000000000000e+04
4.799500000000000000e+04
4.772800000000000000e+04
4.752400000000000000e+04
4.773400000000000000e+04
4.786200000000000000e+04
4.765000000000000000e+04
4.767200000000000000e+04
4.679700000000000000e+04
4.691200000000000000e+04
4.639700000000000000e+04
4.608900000000000000e+04
4.564800000000000000e+04
4.444100000000000000e+04
4.328600000000000000e+04
4.212800000000000000e+04
4.198100000000000000e+04
4.267800000000000000e+04
4.319500000000000000e+04
4.468500000000000000e+04
4.550000000000000000e+04
4.571500000000000000e+04
4.642200000000000000e+04
4.703000000000000000e+04
4.727600000000000000e+04
4.741200000000000000e+04
4.789700000000000000e+04
4.753300000000000000e+04
4.762200000000000000e+04
4.790900000000000000e+04
4.787100000000000000e+04
4.794900000000000000e+04
4.765500000000000000e+04
4.783500000000000000e+04
4.812800000000000000e+04
4.817600000000000000e+04
4.785900000000000000e+04
4.805700000000000000e+04
4.784200000000000000e+04
4.800000000000000000e+04
4.827100000000000000e+04
4.788600000000000000e+04
4.808500000000000000e+04
4.818800000000000000e+04
4.789300000000000000e+04
4.801200000000000000e+04
4.777700000000000000e+04
4.801300000000000000e+04
4.795200000000000000e+04
4.803200000000000000e+04
4.818400000000000000e+04
4.806200000000000000e+04
4.838400000000000000e+04
4.774700000000000000e+04
4.782400000000000000e+04
4.795600000000000000e+04
4.803600000000000000e+04
4.782900000000000000e+04
4.776000000000000000e+04
4.794600000000000000e+04
4.811600000000000000e+04
4.782000000000000000e+04
4.760300000000000000e+04
4.779700000000000000e+04
4.810400000000000000e+04
4.750300000000000000e+04
4.765900000000000000e+04
4.764000000000000000e+04
4.749300000000000000e+04
4.735900000000000000e+04
4.675300000000000000e+04
4.743800000000000000e+04
4.665500000000000000e+04
4.638900000000000000e+04
4.572000000000000000e+04
4.498100000000000000e+04
4.415200000000000000e+04
4.297100000000000000e+04
4.174800000000000000e+04
3.987400000000000000e+04
3.867500000000000000e+04
3.841100000000000000e+04
3.915900000000000000e+04
4.028600000000000000e+04
4.269100000000000000e+04
4.368100000000000000e+04
4.456400000000000000e+04
4.581700000000000000e+04
4.633700000000000000e+04
4.653900000000000000e+04
4.685100000000000000e+04
4.710600000000000000e+04
4.743100000000000000e+04
4.773700000000000000e+04
4.758900000000000000e+04
4.731400000000000000e+04
4.718600000000000000e+04
4.762100000000000000e+04
4.768300000000000000e+04
4.774600000000000000e+04
4.791300000000000000e+04
4.779900000000000000e+04
4.792000000000000000e+04
4.777200000000000000e+04
4.774200000000000000e+04
4.774800000000000000e+04
4.789600000000000000e+04
4.785100000000000000e+04
4.803700000000000000e+04
4.801600000000000000e+04
4.760800000000000000e+04
4.771400000000000000e+04
4.856400000000000000e+04
4.743100000000000000e+04
4.779000000000000000e+04
4.785900000000000000e+04
4.808600000000000000e+04
4.785700000000000000e+04
4.756200000000000000e+04
4.760200000000000000e+04
4.767300000000000000e+04
4.791400000000000000e+04
4.788700000000000000e+04
4.786800000000000000e+04
4.781100000000000000e+04
4.772500000000000000e+04
4.782100000000000000e+04
4.768100000000000000e+04
4.718900000000000000e+04
4.746100000000000000e+04
4.718900000000000000e+04
4.729400000000000000e+04
4.742900000000000000e+04
4.696700000000000000e+04
4.676900000000000000e+04
4.599500000000000000e+04
4.597900000000000000e+04
4.574200000000000000e+04
4.516200000000000000e+04
4.430700000000000000e+04
4.376900000000000000e+04
4.263300000000000000e+04
4.047700000000000000e+04
3.870200000000000000e+04
3.738800000000000000e+04
3.647700000000000000e+04
3.603000000000000000e+04
3.746600000000000000e+04
3.948000000000000000e+04
4.114000000000000000e+04
4.295100000000000000e+04
4.394300000000000000e+04
4.508200000000000000e+04
4.556500000000000000e+04
4.588800000000000000e+04
4.625900000000000000e+04
4.638700000000000000e+04
4.666800000000000000e+04
4.698600000000000000e+04
4.730800000000000000e+04
4.731200000000000000e+04
4.783700000000000000e+04
4.760400000000000000e+04
4.759200000000000000e+04
4.800100000000000000e+04
4.806000000000000000e+04
4.790400000000000000e+04
4.780600000000000000e+04
4.769800000000000000e+04
4.816700000000000000e+04
4.792500000000000000e+04
4.849100000000000000e+04
4.865500000000000000e+04
4.786700000000000000e+04
4.809600000000000000e+04
4.806800000000000000e+04
4.788600000000000000e+04
4.807000000000000000e+04
4.813800000000000000e+04
4.822000000000000000e+04
4.785300000000000000e+04
4.780300000000000000e+04
4.791100000000000000e+04
4.804400000000000000e+04
4.816200000000000000e+04
4.818100000000000000e+04
4.806500000000000000e+04
4.812500000000000000e+04
4.817900000000000000e+04
4.767800000000000000e+04
4.825000000000000000e+04
4.778500000000000000e+04
4.828800000000000000e+04
4.854300000000000000e+04
4.845800000000000000e+04
4.840900000000000000e+04
4.784700000000000000e+04
4.860100000000000000e+04
4.818700000000000000e+04
4.818100000000000000e+04
4.839300000000000000e+04
4.856500000000000000e+04
4.835000000000000000e+04
4.833900000000000000e+04
4.851300000000000000e+04
4.822700000000000000e+04
4.785400000000000000e+04
4.859300000000000000e+04
4.816700000000000000e+04
4.836600000000000000e+04
4.798900000000000000e+04
4.827500000000000000e+04
4.851300000000000000e+04
4.809700000000000000e+04
4.800400000000000000e+04
4.827600000000000000e+04
4.839900000000000000e+04
4.834400000000000000e+04
4.817500000000000000e+04
4.794600000000000000e+04
4.844800000000000000e+04
4.814200000000000000e+04
4.816000000000000000e+04
4.831900000000000000e+04
4.801000000000000000e+04
4.809700000000000000e+04
4.816000000000000000e+04
4.814500000000000000e+04
4.791100000000000000e+04
4.835500000000000000e+04
4.865100000000000000e+04
4.826600000000000000e+04
4.874600000000000000e+04
4.836300000000000000e+04
4.815200000000000000e+04
4.831200000000000000e+04
4.802100000000000000e+04
4.845200000000000000e+04
4.797700000000000000e+04
4.832500000000000000e+04
4.823900000000000000e+04
4.821600000000000000e+04
4.828000000000000000e+04
4.819600000000000000e+04
4.792900000000000000e+04
4.801100000000000000e+04
4.822600000000000000e+04
4.874800000000000000e+04
4.821400000000000000e+04
4.826100000000000000e+04
4.793100000000000000e+04
4.834400000000000000e+04
4.853400000000000000e+04
4.846700000000000000e+04
4.810500000000000000e+04
4.867400000000000000e+04
4.832500000000000000e+04
4.842000000000000000e+04
4.856200000000000000e+04
4.805800000000000000e+04
4.782800000000000000e+04
4.790100000000000000e+04
4.796700000000000000e+04
4.826200000000000000e+04
4.830900000000000000e+04
4.835900000000000000e+04
4.827300000000000000e+04
4.814900000000000000e+04
4.796500000000000000e+04
4.805700000000000000e+04
4.831300000000000000e+04
4.823600000000000000e+04
4.837000000000000000e+04
4.847800000000000000e+04
4.799000000000000000e+04
4.789700000000000000e+04
4.823600000000000000e+04
4.862600000000000000e+04
4.877500000000000000e+04
4.848200000000000000e+04
4.847000000000000000e+04
4.858000000000000000e+04
4.827800000000000000e+04
4.790900000000000000e+04
4.816700000000000000e+04
4.818500000000000000e+04
4.833900000000000000e+04
4.806700000000000000e+04
4.828400000000000000e+04
4.801000000000000000e+04
4.821500000000000000e+04
4.833400000000000000e+04
4.821000000000000000e+04
4.865500000000000000e+04
4.818600000000000000e+04
4.823200000000000000e+04
4.798100000000000000e+04
4.828300000000000000e+04
4.848300000000000000e+04
4.843800000000000000e+04
4.843600000000000000e+04
4.779400000000000000e+04
4.828300000000000000e+04
4.802700000000000000e+04
4.793200000000000000e+04
4.875500000000000000e+04
4.808300000000000000e+04
4.833500000000000000e+04
4.772400000000000000e+04
4.822900000000000000e+04
4.840900000000000000e+04
4.835500000000000000e+04
4.833300000000000000e+04
4.850300000000000000e+04
4.857600000000000000e+04
4.832300000000000000e+04
4.831200000000000000e+04
4.811500000000000000e+04
4.808100000000000000e+04
4.817500000000000000e+04
4.817400000000000000e+04
4.853000000000000000e+04
4.807700000000000000e+04
4.802100000000000000e+04
4.876600000000000000e+04
4.804900000000000000e+04
4.810700000000000000e+04
4.852400000000000000e+04
4.806800000000000000e+04
4.830600000000000000e+04
4.851100000000000000e+04
4.866600000000000000e+04
4.844500000000000000e+04
4.849700000000000000e+04
4.826000000000000000e+04
4.849100000000000000e+04
4.829800000000000000e+04
4.853700000000000000e+04
4.802100000000000000e+04
4.818200000000000000e+04
4.808700000000000000e+04
4.832700000000000000e+04
4.806300000000000000e+04
4.854000000000000000e+04
4.808200000000000000e+04
4.851200000000000000e+04
4.816700000000000000e+04
4.823000000000000000e+04
4.847000000000000000e+04
4.830600000000000000e+04
4.860400000000000000e+04
4.850600000000000000e+04
4.853100000000000000e+04
4.816900000000000000e+04
4.841600000000000000e+04
4.834900000000000000e+04
4.830500000000000000e+04
4.829700000000000000e+04
4.846600000000000000e+04
4.797100000000000000e+04
4.814100000000000000e+04
4.814800000000000000e+04
4.817400000000000000e+04
4.857300000000000000e+04
4.833300000000000000e+04
4.835200000000000000e+04
4.831300000000000000e+04
4.834800000000000000e+04
4.830800000000000000e+04
4.820700000000000000e+04
4.815200000000000000e+04
4.807700000000000000e+04
4.836700000000000000e+04
4.844400000000000000e+04
4.831100000000000000e+04
4.838800000000000000e+04
4.814600000000000000e+04
4.844000000000000000e+04
4.776400000000000000e+04
4.834100000000000000e+04
4.852400000000000000e+04
4.829200000000000000e+04
4.833800000000000000e+04
4.818800000000000000e+04
4.782100000000000000e+04
4.857100000000000000e+04
4.832900000000000000e+04
4.806900000000000000e+04
4.852700000000000000e+04
4.889700000000000000e+04
4.857600000000000000e+04
4.799400000000000000e+04
4.821900000000000000e+04
4.837500000000000000e+04
4.785200000000000000e+04
4.830600000000000000e+04
4.865100000000000000e+04
4.771500000000000000e+04
4.821700000000000000e+04
4.830100000000000000e+04
4.769500000000000000e+04
4.833600000000000000e+04
4.811000000000000000e+04
4.810500000000000000e+04
4.821700000000000000e+04
4.825400000000000000e+04
4.813900000000000000e+04
4.794700000000000000e+04
4.816100000000000000e+04
4.855500000000000000e+04
4.892600000000000000e+04
4.820700000000000000e+04
4.822300000000000000e+04
4.830100000000000000e+04
4.828200000000000000e+04
4.781400000000000000e+04
4.803800000000000000e+04
4.802800000000000000e+04
4.805300000000000000e+04
4.821400000000000000e+04
4.806600000000000000e+04
4.839500000000000000e+04
4.820800000000000000e+04
4.821300000000000000e+04
4.824300000000000000e+04
4.859900000000000000e+04
4.794500000000000000e+04
4.820600000000000000e+04
4.772500000000000000e+04
4.862200000000000000e+04
4.822600000000000000e+04
4.855900000000000000e+04
4.816900000000000000e+04
4.826400000000000000e+04
4.817600000000000000e+04
4.823600000000000000e+04
4.819800000000000000e+04
4.814400000000000000e+04
4.787300000000000000e+04
4.798900000000000000e+04
4.847900000000000000e+04
4.836800000000000000e+04
4.826600000000000000e+04
4.843100000000000000e+04
4.836800000000000000e+04
4.832900000000000000e+04
4.820800000000000000e+04
4.817600000000000000e+04
4.822700000000000000e+04
4.858100000000000000e+04
4.811100000000000000e+04
4.801600000000000000e+04
4.814000000000000000e+04
4.850300000000000000e+04
4.819500000000000000e+04
4.830300000000000000e+04
4.811400000000000000e+04
4.834300000000000000e+04
4.787500000000000000e+04
4.825500000000000000e+04
4.818100000000000000e+04
4.838200000000000000e+04
4.801900000000000000e+04
4.855600000000000000e+04
4.833500000000000000e+04
4.815300000000000000e+04
4.816200000000000000e+04
4.812000000000000000e+04
4.835400000000000000e+04
4.811400000000000000e+04
4.814400000000000000e+04
4.811300000000000000e+04
4.769200000000000000e+04
4.792800000000000000e+04
4.818900000000000000e+04
4.848600000000000000e+04
4.808100000000000000e+04
4.828000000000000000e+04
4.840100000000000000e+04
4.822500000000000000e+04
4.825600000000000000e+04
4.844300000000000000e+04
4.853800000000000000e+04
4.821100000000000000e+04
4.833500000000000000e+04
4.844400000000000000e+04
4.819300000000000000e+04
4.809200000000000000e+04
4.827500000000000000e+04
4.824200000000000000e+04
4.818100000000000000e+04
4.821800000000000000e+04
4.830100000000000000e+04
4.804900000000000000e+04
4.837700000000000000e+04
4.816000000000000000e+04
4.822900000000000000e+04
4.841900000000000000e+04
4.786700000000000000e+04
4.776900000000000000e+04
4.796100000000000000e+04
4.822600000000000000e+04
4.825800000000000000e+04
4.845100000000000000e+04
4.758000000000000000e+04
4.820300000000000000e+04
4.811300000000000000e+04
4.821200000000000000e+04
4.820800000000000000e+04
4.815400000000000000e+04
4.819800000000000000e+04
4.812000000000000000e+04
4.803000000000000000e+04
4.833900000000000000e+04
4.842000000000000000e+04
4.841500000000000000e+04
4.815300000000000000e+04
4.829800000000000000e+04
4.823700000000000000e+04
4.797600000000000000e+04
4.805400000000000000e+04
4.823600000000000000e+04
4.826200000000000000e+04
4.866200000000000000e+04
4.832000000000000000e+04
4.826900000000000000e+04
4.843100000000000000e+04
4.831200000000000000e+04
4.863300000000000000e+04
4.853800000000000000e+04
4.819900000000000000e+04
4.841900000000000000e+04
4.849200000000000000e+04
4.808100000000000000e+04
4.827700000000000000e+04
4.818500000000000000e+04
4.832300000000000000e+04
4.798300000000000000e+04
4.775100000000000000e+04
4.806800000000000000e+04
4.830100000000000000e+04
4.830100000000000000e+04
4.821100000000000000e+04
4.810400000000000000e+04
4.826000000000000000e+04
4.843300000000000000e+04
4.824800000000000000e+04
4.856500000000000000e+04
4.826000000000000000e+04
4.800900000000000000e+04
4.834300000000000000e+04
4.843900000000000000e+04
4.828900000000000000e+04
4.812200000000000000e+04
4.873200000000000000e+04
4.799900000000000000e+04
4.789200000000000000e+04
4.788100000000000000e+04
4.804300000000000000e+04
4.827900000000000000e+04
4.750800000000000000e+04
4.842300000000000000e+04
4.830400000000000000e+04
4.821800000000000000e+04
4.819200000000000000e+04
4.865000000000000000e+04
4.827900000000000000e+04
4.875100000000000000e+04
4.828700000000000000e+04
4.799100000000000000e+04
4.807300000000000000e+04
4.840000000000000000e+04
4.810200000000000000e+04
4.838900000000000000e+04
4.818600000000000000e+04
4.804500000000000000e+04
4.824300000000000000e+04
4.843300000000000000e+04
4.846300000000000000e+04
4.851600000000000000e+04
4.811000000000000000e+04
4.878200000000000000e+04
4.835600000000000000e+04
4.794000000000000000e+04
4.817300000000000000e+04
4.860200000000000000e+04
4.827300000000000000e+04
4.821800000000000000e+04
4.804200000000000000e+04
4.837800000000000000e+04
4.793200000000000000e+04
4.825800000000000000e+04
4.802000000000000000e+04
4.846700000000000000e+04
4.783800000000000000e+04
4.820300000000000000e+04
4.839500000000000000e+04
4.827400000000000000e+04
4.845300000000000000e+04
4.819500000000000000e+04
4.820500000000000000e+04
4.846800000000000000e+04
4.804900000000000000e+04
4.789200000000000000e+04
4.804400000000000000e+04
4.821800000000000000e+04
4.834700000000000000e+04
4.797400000000000000e+04
4.810700000000000000e+04
4.815900000000000000e+04
4.804900000000000000e+04
4.798800000000000000e+04
4.820200000000000000e+04
4.842300000000000000e+04
4.826500000000000000e+04
4.759300000000000000e+04
4.814200000000000000e+04
4.794600000000000000e+04
4.814000000000000000e+04
4.824900000000000000e+04
4.798000000000000000e+04
4.846800000000000000e+04
4.794900000000000000e+04
4.840400000000000000e+04
4.831600000000000000e+04
4.801200000000000000e+04
4.806900000000000000e+04
4.796700000000000000e+04
4.815100000000000000e+04
4.851100000000000000e+04
4.794600000000000000e+04
4.859800000000000000e+04
4.834000000000000000e+04
4.825200000000000000e+04
4.798500000000000000e+04
4.822400000000000000e+04
4.834100000000000000e+04
4.823500000000000000e+04
4.837100000000000000e+04
4.836600000000000000e+04
4.863600000000000000e+04
4.804300000000000000e+04
4.831000000000000000e+04
4.807500000000000000e+04
4.816300000000000000e+04
4.841500000000000000e+04
4.817700000000000000e+04
4.817000000000000000e+04
4.803200000000000000e+04
4.841700000000000000e+04
4.832700000000000000e+04
4.800500000000000000e+04
4.830200000000000000e+04
4.810200000000000000e+04
4.812100000000000000e+04
4.840200000000000000e+04
4.845200000000000000e+04
4.844100000000000000e+04
4.799000000000000000e+04
4.809000000000000000e+04
4.801100000000000000e+04
4.830300000000000000e+04
4.795000000000000000e+04
4.823300000000000000e+04
4.797700000000000000e+04
4.833800000000000000e+04
4.831500000000000000e+04
4.833100000000000000e+04
4.854800000000000000e+04
4.841700000000000000e+04
4.808000000000000000e+04
4.810100000000000000e+04
4.818600000000000000e+04
4.806300000000000000e+04
4.772900000000000000e+04
4.795300000000000000e+04
4.845300000000000000e+04
4.812100000000000000e+04
4.856700000000000000e+04
4.790500000000000000e+04
4.810700000000000000e+04
4.811400000000000000e+04
4.808800000000000000e+04
4.826900000000000000e+04
4.789900000000000000e+04
4.839400000000000000e+04
4.831800000000000000e+04
4.842400000000000000e+04
4.822600000000000000e+04
4.819600000000000000e+04
4.820500000000000000e+04
4.863100000000000000e+04
4.815600000000000000e+04
4.807700000000000000e+04
4.818200000000000000e+04
4.876800000000000000e+04
4.828500000000000000e+04
4.821500000000000000e+04
4.821900000000000000e+04
4.814200000000000000e+04
4.805200000000000000e+04
4.791400000000000000e+04
4.845200000000000000e+04
4.842000000000000000e+04
4.813300000000000000e+04
4.842800000000000000e+04
4.789000000000000000e+04
4.824400000000000000e+04
4.795200000000000000e+04
4.822300000000000000e+04
4.816400000000000000e+04
4.783400000000000000e+04
4.793900000000000000e+04
4.804800000000000000e+04
4.799500000000000000e+04
4.804600000000000000e+04
4.824200000000000000e+04
4.824000000000000000e+04
4.824700000000000000e+04
4.794100000000000000e+04
4.794900000000000000e+04
4.776900000000000000e+04
4.808000000000000000e+04
4.828000000000000000e+04
4.822800000000000000e+04
4.820500000000000000e+04
4.796400000000000000e+04
4.820500000000000000e+04
4.817100000000000000e+04
4.803800000000000000e+04
4.817500000000000000e+04
4.792900000000000000e+04
4.833200000000000000e+04
4.779500000000000000e+04
4.810000000000000000e+04
4.836700000000000000e+04
4.799300000000000000e+04
4.801000000000000000e+04
4.803200000000000000e+04
4.813900000000000000e+04
4.773400000000000000e+04
4.795700000000000000e+04
4.846700000000000000e+04
4.822000000000000000e+04
4.810700000000000000e+04
4.848200000000000000e+04
4.821000000000000000e+04
4.795200000000000000e+04
4.855500000000000000e+04
4.756700000000000000e+04
4.825500000000000000e+04
4.839700000000000000e+04
4.783700000000000000e+04
4.847600000000000000e+04
4.823700000000000000e+04
4.825000000000000000e+04
4.805100000000000000e+04
4.796200000000000000e+04
4.797200000000000000e+04
4.811500000000000000e+04
4.858200000000000000e+04
4.793000000000000000e+04
4.817100000000000000e+04
4.812900000000000000e+04
4.814700000000000000e+04
4.837200000000000000e+04
4.834100000000000000e+04
4.797400000000000000e+04
4.788400000000000000e+04
4.818800000000000000e+04
4.805900000000000000e+04
4.827500000000000000e+04
4.828600000000000000e+04
4.771800000000000000e+04
4.807400000000000000e+04
4.785300000000000000e+04
4.821300000000000000e+04
4.816100000000000000e+04
4.825900000000000000e+04
4.819200000000000000e+04
4.836600000000000000e+04
4.812600000000000000e+04
4.821700000000000000e+04
4.839600000000000000e+04
4.758100000000000000e+04
4.824000000000000000e+04
4.826900000000000000e+04
4.774000000000000000e+04
4.823600000000000000e+04
4.808800000000000000e+04
4.790000000000000000e+04
4.811200000000000000e+04
4.770200000000000000e+04
4.774900000000000000e+04
4.762400000000000000e+04
4.801900000000000000e+04
4.820100000000000000e+04
4.775800000000000000e+04
4.815000000000000000e+04
4.812100000000000000e+04
4.782000000000000000e+04
4.874100000000000000e+04
4.809800000000000000e+04
4.825300000000000000e+04
4.805600000000000000e+04
4.804000000000000000e+04
4.838600000000000000e+04
4.775600000000000000e+04
4.807200000000000000e+04
4.809800000000000000e+04
4.771800000000000000e+04
4.789700000000000000e+04
4.796300000000000000e+04
4.799500000000000000e+04
4.836100000000000000e+04
4.776900000000000000e+04
4.778400000000000000e+04
4.824100000000000000e+04
4.837100000000000000e+04
4.806400000000000000e+04
4.806600000000000000e+04
4.842000000000000000e+04
4.812100000000000000e+04
4.801700000000000000e+04
4.795500000000000000e+04
4.772000000000000000e+04
4.809900000000000000e+04
4.761200000000000000e+04
4.759400000000000000e+04
4.800500000000000000e+04
4.771200000000000000e+04
4.782800000000000000e+04
4.781700000000000000e+04
4.818200000000000000e+04
4.779900000000000000e+04
4.783900000000000000e+04
4.738500000000000000e+04
4.741000000000000000e+04
4.721200000000000000e+04
4.722500000000000000e+04
4.715900000000000000e+04
4.700500000000000000e+04
4.665100000000000000e+04
4.707300000000000000e+04
4.675300000000000000e+04
4.626900000000000000e+04
4.582200000000000000e+04
4.530400000000000000e+04
4.519800000000000000e+04
4.425300000000000000e+04
4.307100000000000000e+04
4.145100000000000000e+04
4.007900000000000000e+04
3.873700000000000000e+04
3.692900000000000000e+04
3.655000000000000000e+04
3.667000000000000000e+04
3.773800000000000000e+04
3.975300000000000000e+04
4.136800000000000000e+04
4.284500000000000000e+04
4.392000000000000000e+04
4.474200000000000000e+04
4.563700000000000000e+04
4.587200000000000000e+04
4.592100000000000000e+04
4.697200000000000000e+04
4.673800000000000000e+04
4.702900000000000000e+04
4.680900000000000000e+04
4.727000000000000000e+04
4.775600000000000000e+04
4.765700000000000000e+04
4.795200000000000000e+04
4.752400000000000000e+04
4.722500000000000000e+04
4.735100000000000000e+04
4.760400000000000000e+04
4.758600000000000000e+04
4.787500000000000000e+04
4.784300000000000000e+04
4.752400000000000000e+04
4.738800000000000000e+04
4.767100000000000000e+04
4.790000000000000000e+04
4.784400000000000000e+04
4.774400000000000000e+04
4.747800000000000000e+04
4.824100000000000000e+04
4.806400000000000000e+04
4.792500000000000000e+04
4.782000000000000000e+04
4.742600000000000000e+04
4.758400000000000000e+04
4.747500000000000000e+04
4.760800000000000000e+04
4.793300000000000000e+04
4.764800000000000000e+04
4.805300000000000000e+04
4.755300000000000000e+04
4.788200000000000000e+04
4.732100000000000000e+04
4.723500000000000000e+04
4.757800000000000000e+04
4.773600000000000000e+04
4.744200000000000000e+04
4.695300000000000000e+04
4.652200000000000000e+04
4.713900000000000000e+04
4.694500000000000000e+04
4.675100000000000000e+04
4.680700000000000000e+04
4.663100000000000000e+04
4.586600000000000000e+04
4.495200000000000000e+04
4.400800000000000000e+04
4.326300000000000000e+04
4.166800000000000000e+04
3.985600000000000000e+04
3.834400000000000000e+04
3.816900000000000000e+04
3.909700000000000000e+04
3.986800000000000000e+04
4.212000000000000000e+04
4.319700000000000000e+04
4.447900000000000000e+04
4.513500000000000000e+04
4.586300000000000000e+04
4.618900000000000000e+04
4.639100000000000000e+04
4.701900000000000000e+04
4.686600000000000000e+04
4.712200000000000000e+04
4.742300000000000000e+04
4.703800000000000000e+04
4.727100000000000000e+04
4.749200000000000000e+04
4.742900000000000000e+04
4.769900000000000000e+04
4.742900000000000000e+04
4.777300000000000000e+04
4.759700000000000000e+04
4.732300000000000000e+04
4.727800000000000000e+04
4.776600000000000000e+04
4.781000000000000000e+04
4.806100000000000000e+04
4.768400000000000000e+04
4.793500000000000000e+04
4.804200000000000000e+04
4.768300000000000000e+04
4.768400000000000000e+04
4.768900000000000000e+04
4.786900000000000000e+04
4.801600000000000000e+04
4.798200000000000000e+04
4.774300000000000000e+04
4.808600000000000000e+04
4.799600000000000000e+04
4.767700000000000000e+04
4.809400000000000000e+04
4.792100000000000000e+04
4.760000000000000000e+04
4.762200000000000000e+04
4.771800000000000000e+04
4.761100000000000000e+04
4.788500000000000000e+04
4.754900000000000000e+04
4.753100000000000000e+04
4.788100000000000000e+04
4.770900000000000000e+04
4.788100000000000000e+04
4.759400000000000000e+04
4.769000000000000000e+04
4.726500000000000000e+04
4.742400000000000000e+04
4.704200000000000000e+04
4.688800000000000000e+04
4.650300000000000000e+04
4.621300000000000000e+04
4.579400000000000000e+04
4.496000000000000000e+04
4.380000000000000000e+04
4.270900000000000000e+04
4.194300000000000000e+04
4.231300000000000000e+04
4.276400000000000000e+04
4.367200000000000000e+04
4.478100000000000000e+04
4.558300000000000000e+04
4.635900000000000000e+04
4.631200000000000000e+04
4.692200000000000000e+04
4.704200000000000000e+04
4.735400000000000000e+04
4.767000000000000000e+04
4.717900000000000000e+04
4.791500000000000000e+04
4.755000000000000000e+04
4.763000000000000000e+04
4.763800000000000000e+04
4.785900000000000000e+04
4.778300000000000000e+04
4.743100000000000000e+04
4.736100000000000000e+04
4.785700000000000000e+04
4.821100000000000000e+04
4.762600000000000000e+04
4.810300000000000000e+04
4.780100000000000000e+04
4.759000000000000000e+04
4.803500000000000000e+04
4.799800000000000000e+04
4.812100000000000000e+04
4.777500000000000000e+04
4.802700000000000000e+04
4.803000000000000000e+04
4.793200000000000000e+04
4.789200000000000000e+04
4.788800000000000000e+04
4.782500000000000000e+04
4.763200000000000000e+04
4.761500000000000000e+04
4.750300000000000000e+04
4.747700000000000000e+04
4.721800000000000000e+04
4.652200000000000000e+04
4.652300000000000000e+04
4.593900000000000000e+04
4.515100000000000000e+04
4.475500000000000000e+04
4.334100000000000000e+04
4.249700000000000000e+04
4.186000000000000000e+04
4.207400000000000000e+04
4.257200000000000000e+04
4.362200000000000000e+04
4.484100000000000000e+04
4.515500000000000000e+04
4.641500000000000000e+04
4.668300000000000000e+04
4.699500000000000000e+04
4.707600000000000000e+04
4.741000000000000000e+04
4.736800000000000000e+04
4.794200000000000000e+04
4.734000000000000000e+04
4.734600000000000000e+04
4.747100000000000000e+04
4.788000000000000000e+04
4.800700000000000000e+04
4.783100000000000000e+04
4.786100000000000000e+04
4.765200000000000000e+04
4.742000000000000000e+04
4.804100000000000000e+04
4.742400000000000000e+04
4.813900000000000000e+04
4.784600000000000000e+04
4.767700000000000000e+04
4.805900000000000000e+04
4.799100000000000000e+04
4.750100000000000000e+04
4.786400000000000000e+04
4.754900000000000000e+04
4.781300000000000000e+04
4.798700000000000000e+04
4.805200000000000000e+04
4.744000000000000000e+04
4.772000000000000000e+04
4.780900000000000000e+04
4.800900000000000000e+04
4.759700000000000000e+04
4.825600000000000000e+04
4.778200000000000000e+04
4.787700000000000000e+04
4.792600000000000000e+04
4.802800000000000000e+04
4.765000000000000000e+04
4.775900000000000000e+04
4.744600000000000000e+04
4.820800000000000000e+04
4.771000000000000000e+04
4.749700000000000000e+04
4.763300000000000000e+04
4.716300000000000000e+04
4.713000000000000000e+04
4.699700000000000000e+04
4.702100000000000000e+04
4.662800000000000000e+04
4.572300000000000000e+04
4.608400000000000000e+04
4.501600000000000000e+04
4.444000000000000000e+04
4.325000000000000000e+04
4.230700000000000000e+04
4.050000000000000000e+04
3.915200000000000000e+04
3.824800000000000000e+04
3.823700000000000000e+04
3.939000000000000000e+04
4.110300000000000000e+04
4.244700000000000000e+04
4.425400000000000000e+04
4.471000000000000000e+04
4.559800000000000000e+04
4.619900000000000000e+04
4.656900000000000000e+04
4.678700000000000000e+04
4.711800000000000000e+04
4.696800000000000000e+04
4.705200000000000000e+04
4.753000000000000000e+04
4.732100000000000000e+04
4.757600000000000000e+04
4.738600000000000000e+04
4.767900000000000000e+04
4.740800000000000000e+04
4.735100000000000000e+04
4.768800000000000000e+04
4.758200000000000000e+04
4.790100000000000000e+04
4.771100000000000000e+04
4.739700000000000000e+04
4.787200000000000000e+04
4.790200000000000000e+04
4.804000000000000000e+04
4.796000000000000000e+04
4.749700000000000000e+04
4.791500000000000000e+04
4.803900000000000000e+04
4.741200000000000000e+04
4.746600000000000000e+04
4.760100000000000000e+04
4.764700000000000000e+04
4.814800000000000000e+04
4.784500000000000000e+04
4.797300000000000000e+04
4.771200000000000000e+04
4.750700000000000000e+04
4.769500000000000000e+04
4.784500000000000000e+04
4.740700000000000000e+04
4.740900000000000000e+04
4.707900000000000000e+04
4.752300000000000000e+04
4.721500000000000000e+04
4.685600000000000000e+04
4.698100000000000000e+04
4.708900000000000000e+04
4.723900000000000000e+04
4.683900000000000000e+04
4.664500000000000000e+04
4.642700000000000000e+04
4.587700000000000000e+04
4.541300000000000000e+04
4.494200000000000000e+04
4.405100000000000000e+04
4.271500000000000000e+04
4.181300000000000000e+04
4.000600000000000000e+04
3.859600000000000000e+04
3.665200000000000000e+04
3.628200000000000000e+04
3.648100000000000000e+04
3.760600000000000000e+04
3.964600000000000000e+04
4.134200000000000000e+04
4.263400000000000000e+04
4.381900000000000000e+04
4.445800000000000000e+04
4.554300000000000000e+04
4.638100000000000000e+04
4.618000000000000000e+04
4.654700000000000000e+04
4.682400000000000000e+04
4.668900000000000000e+04
4.673400000000000000e+04
4.729700000000000000e+04
4.717200000000000000e+04
4.714000000000000000e+04
4.772400000000000000e+04
4.692200000000000000e+04
4.780500000000000000e+04
4.761600000000000000e+04
4.771400000000000000e+04
4.757300000000000000e+04
4.779600000000000000e+04
4.742700000000000000e+04
4.763400000000000000e+04
4.765200000000000000e+04
4.812900000000000000e+04
4.779300000000000000e+04
4.783500000000000000e+04
4.763600000000000000e+04
4.779200000000000000e+04
4.822100000000000000e+04
4.816200000000000000e+04
4.784100000000000000e+04
4.765600000000000000e+04
4.794200000000000000e+04
4.817000000000000000e+04
4.799600000000000000e+04
4.782900000000000000e+04
4.769000000000000000e+04
4.771100000000000000e+04
4.743800000000000000e+04
4.784500000000000000e+04
4.801600000000000000e+04
4.800300000000000000e+04
4.760600000000000000e+04
4.812500000000000000e+04
4.815400000000000000e+04
4.798200000000000000e+04
4.798200000000000000e+04
4.811000000000000000e+04
4.823700000000000000e+04
4.778000000000000000e+04
4.809500000000000000e+04
4.768400000000000000e+04
4.787200000000000000e+04
4.807500000000000000e+04
4.783300000000000000e+04
4.802700000000000000e+04
4.804000000000000000e+04
4.813700000000000000e+04
4.826700000000000000e+04
4.765800000000000000e+04
4.798300000000000000e+04
4.806900000000000000e+04
4.830100000000000000e+04
4.792500000000000000e+04
4.845200000000000000e+04
4.805400000000000000e+04
4.801000000000000000e+04
4.818700000000000000e+04
4.784300000000000000e+04
4.843200000000000000e+04
4.805900000000000000e+04
4.842200000000000000e+04
4.804500000000000000e+04
4.858100000000000000e+04
4.812700000000000000e+04
4.819100000000000000e+04
4.833500000000000000e+04
4.787600000000000000e+04
4.788300000000000000e+04
4.817100000000000000e+04
4.801300000000000000e+04
4.809300000000000000e+04
4.863000000000000000e+04
4.796800000000000000e+04
4.797000000000000000e+04
4.818700000000000000e+04
4.829000000000000000e+04
4.815400000000000000e+04
4.805400000000000000e+04
4.775300000000000000e+04
4.784200000000000000e+04
4.776200000000000000e+04
4.836700000000000000e+04
4.819200000000000000e+04
4.805500000000000000e+04
4.744900000000000000e+04
4.814900000000000000e+04
4.810900000000000000e+04
4.807300000000000000e+04
4.788500000000000000e+04
4.788800000000000000e+04
4.815800000000000000e+04
4.828200000000000000e+04
4.823400000000000000e+04
4.805300000000000000e+04
4.814700000000000000e+04
4.797000000000000000e+04
4.818100000000000000e+04
4.804300000000000000e+04
4.812700000000000000e+04
4.838800000000000000e+04
4.810600000000000000e+04
4.758700000000000000e+04
4.822800000000000000e+04
4.793500000000000000e+04
4.822800000000000000e+04
4.775800000000000000e+04
4.839400000000000000e+04
4.809400000000000000e+04
4.789600000000000000e+04
4.785300000000000000e+04
4.801300000000000000e+04
4.840200000000000000e+04
4.809200000000000000e+04
4.773100000000000000e+04
4.835100000000000000e+04
4.791100000000000000e+04
4.825900000000000000e+04
4.765800000000000000e+04
4.775400000000000000e+04
4.798000000000000000e+04
4.818800000000000000e+04
4.792300000000000000e+04
4.836300000000000000e+04
4.836100000000000000e+04
4.802700000000000000e+04
4.801900000000000000e+04
4.814300000000000000e+04
4.809900000000000000e+04
4.794100000000000000e+04
4.787700000000000000e+04
4.805100000000000000e+04
4.799600000000000000e+04
4.857400000000000000e+04
4.845900000000000000e+04
4.834200000000000000e+04
4.803400000000000000e+04
4.806300000000000000e+04
4.778300000000000000e+04
4.843400000000000000e+04
4.838600000000000000e+04
4.809700000000000000e+04
4.807000000000000000e+04
4.798000000000000000e+04
4.787900000000000000e+04
4.818000000000000000e+04
4.820300000000000000e+04
4.834400000000000000e+04
4.824500000000000000e+04
4.798300000000000000e+04
4.820400000000000000e+04
4.814100000000000000e+04
4.844800000000000000e+04
4.794200000000000000e+04
4.777600000000000000e+04
4.827700000000000000e+04
4.818100000000000000e+04
4.820100000000000000e+04
4.792900000000000000e+04
4.802100000000000000e+04
4.816600000000000000e+04
4.775700000000000000e+04
4.822200000000000000e+04
4.857100000000000000e+04
4.832500000000000000e+04
4.826800000000000000e+04
4.848100000000000000e+04
4.790300000000000000e+04
4.774000000000000000e+04
4.795100000000000000e+04
4.835800000000000000e+04
4.833400000000000000e+04
4.817200000000000000e+04
4.764800000000000000e+04
4.791200000000000000e+04
4.858700000000000000e+04
4.770900000000000000e+04
4.813700000000000000e+04
4.779900000000000000e+04
4.793100000000000000e+04
4.789400000000000000e+04
4.851200000000000000e+04
4.834000000000000000e+04
4.781500000000000000e+04
4.843700000000000000e+04
4.794000000000000000e+04
4.850900000000000000e+04
4.811800000000000000e+04
4.858400000000000000e+04
4.812400000000000000e+04
4.824100000000000000e+04
4.816000000000000000e+04
4.826400000000000000e+04
4.823700000000000000e+04
4.792000000000000000e+04
4.777100000000000000e+04
4.811300000000000000e+04
4.823800000000000000e+04
4.773300000000000000e+04
4.822300000000000000e+04
4.844000000000000000e+04
4.791300000000000000e+04
4.804800000000000000e+04
4.834200000000000000e+04
4.817200000000000000e+04
4.792400000000000000e+04
4.788700000000000000e+04
4.862800000000000000e+04
4.809700000000000000e+04
4.807500000000000000e+04
4.811400000000000000e+04
4.831000000000000000e+04
4.806400000000000000e+04
4.816200000000000000e+04
4.804400000000000000e+04
4.800000000000000000e+04
4.816100000000000000e+04
4.774300000000000000e+04
4.816000000000000000e+04
4.809800000000000000e+04
4.796200000000000000e+04
4.832500000000000000e+04
4.822100000000000000e+04
4.861100000000000000e+04
4.802700000000000000e+04
4.821400000000000000e+04
4.807500000000000000e+04
4.796700000000000000e+04
4.797800000000000000e+04
4.820700000000000000e+04
4.811400000000000000e+04
4.805400000000000000e+04
4.800000000000000000e+04
4.778700000000000000e+04
4.813700000000000000e+04
4.826600000000000000e+04
4.817200000000000000e+04
4.849100000000000000e+04
4.806900000000000000e+04
4.840400000000000000e+04
4.830000000000000000e+04
4.851100000000000000e+04
4.844700000000000000e+04
4.822800000000000000e+04
4.825100000000000000e+04
4.797200000000000000e+04
4.839400000000000000e+04
4.831900000000000000e+04
4.847200000000000000e+04
4.808700000000000000e+04
4.814900000000000000e+04
4.804400000000000000e+04
4.765100000000000000e+04
4.815900000000000000e+04
4.801000000000000000e+04
4.811800000000000000e+04
4.820000000000000000e+04
4.814000000000000000e+04
4.803200000000000000e+04
4.827100000000000000e+04
4.790200000000000000e+04
4.818600000000000000e+04
4.815800000000000000e+04
4.807300000000000000e+04
4.830600000000000000e+04
4.818200000000000000e+04
4.838000000000000000e+04
4.846400000000000000e+04
4.794000000000000000e+04
4.827900000000000000e+04
4.835100000000000000e+04
4.859900000000000000e+04
4.791500000000000000e+04
4.819500000000000000e+04
4.848500000000000000e+04
4.869500000000000000e+04
4.822700000000000000e+04
4.782500000000000000e+04
4.820500000000000000e+04
4.773200000000000000e+04
4.795400000000000000e+04
4.856600000000000000e+04
4.809900000000000000e+04
4.840300000000000000e+04
4.819600000000000000e+04
4.853600000000000000e+04
4.817400000000000000e+04
4.828100000000000000e+04
4.850100000000000000e+04
4.825400000000000000e+04
4.841200000000000000e+04
4.840200000000000000e+04
4.826900000000000000e+04
4.801400000000000000e+04
4.784900000000000000e+04
4.830500000000000000e+04
4.785200000000000000e+04
4.841200000000000000e+04
4.778700000000000000e+04
4.846400000000000000e+04
4.797600000000000000e+04
4.823100000000000000e+04
4.834600000000000000e+04
4.823200000000000000e+04
4.824400000000000000e+04
4.818000000000000000e+04
4.821500000000000000e+04
4.843500000000000000e+04
4.809100000000000000e+04
4.794300000000000000e+04
4.822900000000000000e+04
4.851100000000000000e+04
4.819700000000000000e+04
4.817100000000000000e+04
4.838900000000000000e+04
4.815400000000000000e+04
4.824200000000000000e+04
4.833000000000000000e+04
4.825800000000000000e+04
4.805100000000000000e+04
4.835300000000000000e+04
4.834300000000000000e+04
4.813300000000000000e+04
4.814200000000000000e+04
4.853600000000000000e+04
4.816800000000000000e+04
4.793100000000000000e+04
4.856500000000000000e+04
4.814900000000000000e+04
4.843600000000000000e+04
4.818700000000000000e+04
4.782400000000000000e+04
4.867900000000000000e+04
4.820400000000000000e+04
4.840700000000000000e+04
4.797200000000000000e+04
4.801500000000000000e+04
4.804400000000000000e+04
4.806600000000000000e+04
4.820700000000000000e+04
4.823600000000000000e+04
4.827700000000000000e+04
4.809700000000000000e+04
4.836000000000000000e+04
4.808600000000000000e+04