-13.972	2.41797E7
-13.869	2.41772E7
-13.766	2.41751E7
-13.664	2.41784E7
-13.561	2.41759E7
-13.459	2.41772E7
-13.356	2.4182E7
-13.253	2.41769E7
-13.151	2.41824E7
-13.048	2.41789E7
-12.946	2.4166E7
-12.843	2.41773E7
-12.741	2.41777E7
-12.638	2.41748E7
-12.536	2.41796E7
-12.433	2.4171E7
-12.331	2.41804E7
-12.228	2.41796E7
-12.126	2.41798E7
-12.023	2.41815E7
-11.921	2.41788E7
-11.818	2.4175E7
-11.716	2.41674E7
-11.613	2.41783E7
-11.511	2.41709E7
-11.408	2.41743E7
-11.306	2.4167E7
-11.203	2.41744E7
-11.101	2.4174E7
-10.998	2.41765E7
-10.896	2.41753E7
-10.794	2.41756E7
-10.691	2.41714E7
-10.589	2.41699E7
-10.486	2.41753E7
-10.384	2.4183E7
-10.282	2.41686E7
-10.179	2.41767E7
-10.077	2.41858E7
-9.975	2.41767E7
-9.872	2.41819E7
-9.77	2.41708E7
-9.667	2.41737E7
-9.565	2.41676E7
-9.463	2.41693E7
-9.36	2.41745E7
-9.258	2.41707E7
-9.156	2.41733E7
-9.054	2.41655E7
-8.951	2.41673E7
-8.849	2.4168E7
-8.747	2.41748E7
-8.644	2.41722E7
-8.542	2.41669E7
-8.44	2.41666E7
-8.338	2.4172E7
-8.235	2.41708E7
-8.133	2.41668E7
-8.031	2.4166E7
-7.929	2.41643E7
-7.826	2.41658E7
-7.724	2.4163E7
-7.622	2.41628E7
-7.52	2.41651E7
-7.417	2.41569E7
-7.315	2.41613E7
-7.213	2.41474E7
-7.111	2.41459E7
-7.009	2.41422E7
-6.907	2.41198E7
-6.804	2.40897E7
-6.702	2.4036E7
-6.6	2.39368E7
-6.498	2.37364E7
-6.396	2.34975E7
-6.294	2.34722E7
-6.191	2.36577E7
-6.089	2.38147E7
-5.987	2.38954E7
-5.885	2.39549E7
-5.783	2.40041E7
-5.681	2.40599E7
-5.579	2.40869E7
-5.477	2.40973E7
-5.375	2.41216E7
-5.273	2.41159E7
-5.171	2.41299E7
-5.068	2.41342E7
-4.966	2.41298E7
-4.864	2.41293E7
-4.762	2.4128E7
-4.66	2.41206E7
-4.558	2.40994E7
-4.456	2.40664E7
-4.354	2.39715E7
-4.252	2.37669E7
-4.15	2.35801E7
-4.048	2.36182E7
-3.946	2.37847E7
-3.844	2.39044E7
-3.742	2.40035E7
-3.64	2.40518E7
-3.538	2.40929E7
-3.436	2.41138E7
-3.334	2.41353E7
-3.232	2.4128E7
-3.131	2.41402E7
-3.029	2.41444E7
-2.927	2.41507E7
-2.825	2.41535E7
-2.723	2.41485E7
-2.621	2.41468E7
-2.519	2.41499E7
-2.417	2.41268E7
-2.315	2.41277E7
-2.213	2.40972E7
-2.112	2.40211E7
-2.01	2.38835E7
-1.908	2.38141E7
-1.806	2.38999E7
-1.704	2.40194E7
-1.602	2.40668E7
-1.5	2.40809E7
-1.399	2.40934E7
-1.297	2.40863E7
-1.195	2.40907E7
-1.093	2.4093E7
-0.991	2.40952E7
-0.89	2.41001E7
-0.788	2.40897E7
-0.686	2.40851E7
-0.584	2.40619E7
-0.482	2.40015E7
-0.381	2.38847E7
-0.279	2.37949E7
-0.177	2.38849E7
-0.075	2.40002E7
0.026	2.40688E7
0.128	2.41022E7
0.23	2.41249E7
0.331	2.41346E7
0.433	2.41316E7
0.535	2.41263E7
0.637	2.41208E7
0.738	2.41312E7
0.84	2.41327E7
0.942	2.41248E7
1.043	2.41204E7
1.145	2.4123E7
1.247	2.41077E7
1.348	2.40956E7
1.45	2.40697E7
1.552	2.40133E7
1.653	2.39235E7
1.755	2.37698E7
1.857	2.35859E7
1.958	2.35659E7
2.06	2.37727E7
2.161	2.39581E7
2.263	2.406E7
2.365	2.40951E7
2.466	2.4126E7
2.568	2.41273E7
2.669	2.41396E7
2.771	2.4139E7
2.872	2.4142E7
2.974	2.41428E7
3.075	2.41299E7
3.177	2.41225E7
3.279	2.41141E7
3.38	2.4086E7
3.482	2.40654E7
3.583	2.40297E7
3.685	2.39648E7
3.786	2.38953E7
3.888	2.37986E7
3.989	2.36283E7
4.091	2.34327E7
4.192	2.3479E7
4.294	2.37326E7
4.395	2.3948E7
4.496	2.40521E7
4.598	2.40977E7
4.699	2.41161E7
4.801	2.41322E7
4.902	2.41364E7
5.004	2.4146E7
5.105	2.41525E7
5.206	2.41636E7
5.308	2.41638E7
5.409	2.41651E7
5.511	2.41701E7
5.612	2.41657E7
5.713	2.41694E7
5.815	2.41685E7
5.916	2.4166E7
6.018	2.41621E7
6.119	2.41716E7
6.22	2.41692E7
6.322	2.41684E7
6.423	2.41611E7
6.524	2.41691E7
6.626	2.41681E7
6.727	2.41715E7
6.828	2.41764E7
6.93	2.41776E7
7.031	2.41672E7
7.132	2.4172E7
7.233	2.4165E7
7.335	2.41737E7
7.436	2.41724E7
7.537	2.41804E7
7.638	2.41718E7
7.74	2.41807E7
7.841	2.41788E7
7.942	2.41737E7
8.043	2.41777E7
8.145	2.41768E7
8.246	2.41842E7
8.347	2.4181E7
8.448	2.4179E7
8.549	2.41747E7
8.651	2.41768E7
8.752	2.41733E7
8.853	2.41744E7
8.954	2.41773E7
9.055	2.41854E7
9.157	2.41795E7
9.258	2.41907E7
9.359	2.41811E7
9.46	2.41808E7
9.561	2.41812E7
9.662	2.41736E7
9.763	2.41764E7
9.865	2.41747E7
9.966	2.41723E7
10.067	2.41751E7
10.168	2.4176E7
10.269	2.41766E7
10.37	2.41716E7
10.471	2.41785E7
10.572	2.41752E7
10.673	2.41733E7
10.774	2.41778E7
10.875	2.41843E7
10.976	2.41744E7
11.077	2.41762E7
11.178	2.41707E7
11.279	2.41831E7
11.38	2.41781E7
11.482	2.41805E7
11.583	2.41771E7
11.684	2.41808E7
11.785	2.41839E7
11.886	2.41739E7
11.986	2.41805E7
