1.902888000000000000e+06
1.899713000000000000e+06
1.899512000000000000e+06
1.900934000000000000e+06
1.898287000000000000e+06
1.899925000000000000e+06
1.896348000000000000e+06
1.897427000000000000e+06
1.898029000000000000e+06
1.898584000000000000e+06
1.901535000000000000e+06
1.900785000000000000e+06
1.899062000000000000e+06
1.899023000000000000e+06
1.900965000000000000e+06
1.897701000000000000e+06
1.897232000000000000e+06
1.901492000000000000e+06
1.898781000000000000e+06
1.899148000000000000e+06
1.900054000000000000e+06
1.899005000000000000e+06
1.900771000000000000e+06
1.899921000000000000e+06
1.901653000000000000e+06
1.900497000000000000e+06
1.904964000000000000e+06
1.901714000000000000e+06
1.900724000000000000e+06
1.899984000000000000e+06
1.899963000000000000e+06
1.900925000000000000e+06
1.899214000000000000e+06
1.900883000000000000e+06
1.898404000000000000e+06
1.898588000000000000e+06
1.898635000000000000e+06
1.899964000000000000e+06
1.901579000000000000e+06
1.898911000000000000e+06
1.898573000000000000e+06
1.899192000000000000e+06
1.899732000000000000e+06
1.900346000000000000e+06
1.897620000000000000e+06
1.897075000000000000e+06
1.900267000000000000e+06
1.902010000000000000e+06
1.900012000000000000e+06
1.898978000000000000e+06
1.904692000000000000e+06
1.897496000000000000e+06
1.898892000000000000e+06
1.899252000000000000e+06
1.899282000000000000e+06
1.900338000000000000e+06
1.897960000000000000e+06
1.899186000000000000e+06
1.901268000000000000e+06
1.897977000000000000e+06
1.901336000000000000e+06
1.898785000000000000e+06
1.903384000000000000e+06
1.901216000000000000e+06
1.900768000000000000e+06
1.899459000000000000e+06
1.902083000000000000e+06
1.902077000000000000e+06
1.901781000000000000e+06
1.901526000000000000e+06
1.901184000000000000e+06
1.900004000000000000e+06
1.898402000000000000e+06
1.899879000000000000e+06
1.901735000000000000e+06
1.899663000000000000e+06
1.898887000000000000e+06
1.900762000000000000e+06
1.899798000000000000e+06
1.902016000000000000e+06
1.899233000000000000e+06
1.900798000000000000e+06
1.897240000000000000e+06
1.901823000000000000e+06
1.901143000000000000e+06
1.898617000000000000e+06
1.904393000000000000e+06
1.899620000000000000e+06
1.901466000000000000e+06
1.900186000000000000e+06
1.901298000000000000e+06
1.900546000000000000e+06
1.901293000000000000e+06
1.900884000000000000e+06
1.902062000000000000e+06
1.901323000000000000e+06
1.900844000000000000e+06
1.901580000000000000e+06
1.903705000000000000e+06
1.899911000000000000e+06
1.904028000000000000e+06
1.900742000000000000e+06
1.900121000000000000e+06
1.900789000000000000e+06
1.899267000000000000e+06
1.899232000000000000e+06
1.902379000000000000e+06
1.902165000000000000e+06
1.898169000000000000e+06
1.900575000000000000e+06
1.902649000000000000e+06
1.900431000000000000e+06
1.898633000000000000e+06
1.897173000000000000e+06
1.902346000000000000e+06
1.900321000000000000e+06
1.900645000000000000e+06
1.899388000000000000e+06
1.901778000000000000e+06
1.901353000000000000e+06
1.902032000000000000e+06
1.900974000000000000e+06
1.901714000000000000e+06
1.897819000000000000e+06
1.898948000000000000e+06
1.899318000000000000e+06
1.901066000000000000e+06
1.899783000000000000e+06
1.902307000000000000e+06
1.901895000000000000e+06
1.902001000000000000e+06
1.902277000000000000e+06
1.901957000000000000e+06
1.901416000000000000e+06
1.901799000000000000e+06
1.901939000000000000e+06
1.902132000000000000e+06
1.902221000000000000e+06
1.902652000000000000e+06
1.898618000000000000e+06
1.898501000000000000e+06
1.902107000000000000e+06
1.902844000000000000e+06
1.900056000000000000e+06
1.899779000000000000e+06
1.900948000000000000e+06
1.903980000000000000e+06
1.900114000000000000e+06
1.901929000000000000e+06
1.901736000000000000e+06
1.900382000000000000e+06
1.901226000000000000e+06
1.901207000000000000e+06
1.900449000000000000e+06
1.904648000000000000e+06
1.899784000000000000e+06
1.900369000000000000e+06
1.902351000000000000e+06
1.902667000000000000e+06
1.900935000000000000e+06
1.899684000000000000e+06
1.902224000000000000e+06
1.901583000000000000e+06
1.902233000000000000e+06
1.902327000000000000e+06
1.903421000000000000e+06
1.903854000000000000e+06
1.900418000000000000e+06
1.900725000000000000e+06
1.901216000000000000e+06
1.902908000000000000e+06
1.900173000000000000e+06
1.901718000000000000e+06
1.901263000000000000e+06
1.901523000000000000e+06
1.900504000000000000e+06
1.900195000000000000e+06
1.900583000000000000e+06
1.905396000000000000e+06
1.901499000000000000e+06
1.901884000000000000e+06
1.903135000000000000e+06
1.903218000000000000e+06
1.900309000000000000e+06
1.901693000000000000e+06
1.904303000000000000e+06
1.905690000000000000e+06
1.902263000000000000e+06
1.901058000000000000e+06
1.902527000000000000e+06
1.902802000000000000e+06
1.900741000000000000e+06
1.900669000000000000e+06
1.901134000000000000e+06
1.904550000000000000e+06
1.901458000000000000e+06
1.901892000000000000e+06
1.901101000000000000e+06
1.901920000000000000e+06
1.900330000000000000e+06
1.900475000000000000e+06
1.899523000000000000e+06
1.902763000000000000e+06
1.900206000000000000e+06
1.900822000000000000e+06
1.898418000000000000e+06
1.902372000000000000e+06
1.903635000000000000e+06
1.901953000000000000e+06
1.901155000000000000e+06
1.899793000000000000e+06
1.902770000000000000e+06
1.900290000000000000e+06
1.902990000000000000e+06
1.904027000000000000e+06
1.901555000000000000e+06
1.900306000000000000e+06
1.901420000000000000e+06
1.904874000000000000e+06
1.901755000000000000e+06
1.903291000000000000e+06
1.902755000000000000e+06
1.903428000000000000e+06
1.901307000000000000e+06
1.899728000000000000e+06
1.900803000000000000e+06
1.904035000000000000e+06
1.903117000000000000e+06
1.901786000000000000e+06
1.901554000000000000e+06
1.905192000000000000e+06
1.903136000000000000e+06
1.902641000000000000e+06
1.900420000000000000e+06
1.906398000000000000e+06
1.900897000000000000e+06
1.902380000000000000e+06
1.899932000000000000e+06
1.904467000000000000e+06
1.902267000000000000e+06
1.900702000000000000e+06
1.900694000000000000e+06
1.905871000000000000e+06
1.901107000000000000e+06
1.899081000000000000e+06
1.900071000000000000e+06
1.899241000000000000e+06
1.901847000000000000e+06
1.901871000000000000e+06
1.899309000000000000e+06
1.902252000000000000e+06
1.901700000000000000e+06
1.898314000000000000e+06
1.898651000000000000e+06
1.902704000000000000e+06
1.897783000000000000e+06
1.897840000000000000e+06
1.899333000000000000e+06
1.898608000000000000e+06
1.901350000000000000e+06
1.901234000000000000e+06
1.898825000000000000e+06
1.898825000000000000e+06
1.896634000000000000e+06
1.893406000000000000e+06
1.892544000000000000e+06
1.894333000000000000e+06
1.892314000000000000e+06
1.890893000000000000e+06
1.887201000000000000e+06
1.887511000000000000e+06
1.882411000000000000e+06
1.875241000000000000e+06
1.872459000000000000e+06
1.867292000000000000e+06
1.854675000000000000e+06
1.838262000000000000e+06
1.820601000000000000e+06
1.806555000000000000e+06
1.789646000000000000e+06
1.781395000000000000e+06
1.771769000000000000e+06
1.778660000000000000e+06
1.780501000000000000e+06
1.797837000000000000e+06
1.813266000000000000e+06
1.829797000000000000e+06
1.846154000000000000e+06
1.855148000000000000e+06
1.863803000000000000e+06
1.874148000000000000e+06
1.875862000000000000e+06
1.881800000000000000e+06
1.884862000000000000e+06
1.890100000000000000e+06
1.888876000000000000e+06
1.891059000000000000e+06
1.890030000000000000e+06
1.894929000000000000e+06
1.894499000000000000e+06
1.897160000000000000e+06
1.898307000000000000e+06
1.898217000000000000e+06
1.896512000000000000e+06
1.896773000000000000e+06
1.896841000000000000e+06
1.902694000000000000e+06
1.898999000000000000e+06
1.898626000000000000e+06
1.899527000000000000e+06
1.900103000000000000e+06
1.898222000000000000e+06
1.900833000000000000e+06
1.897510000000000000e+06
1.901816000000000000e+06
1.897703000000000000e+06
1.899745000000000000e+06
1.902878000000000000e+06
1.901935000000000000e+06
1.900022000000000000e+06
1.899432000000000000e+06
1.900176000000000000e+06
1.899841000000000000e+06
1.897759000000000000e+06
1.901748000000000000e+06
1.901305000000000000e+06
1.903098000000000000e+06
1.899713000000000000e+06
1.901338000000000000e+06
1.900145000000000000e+06
1.905106000000000000e+06
1.903380000000000000e+06
1.899426000000000000e+06
1.898389000000000000e+06
1.902506000000000000e+06
1.900165000000000000e+06
1.898308000000000000e+06
1.902084000000000000e+06
1.904334000000000000e+06
1.900896000000000000e+06
1.902082000000000000e+06
1.900024000000000000e+06
1.901743000000000000e+06
1.899894000000000000e+06
1.900893000000000000e+06
1.901744000000000000e+06
1.902865000000000000e+06
1.900588000000000000e+06
1.898081000000000000e+06
1.900205000000000000e+06
1.901574000000000000e+06
1.899360000000000000e+06
1.898263000000000000e+06
1.898988000000000000e+06
1.902800000000000000e+06
1.897561000000000000e+06
1.896886000000000000e+06
1.898707000000000000e+06
1.896064000000000000e+06
1.893767000000000000e+06
1.893542000000000000e+06
1.894570000000000000e+06
1.893708000000000000e+06
1.887645000000000000e+06
1.885065000000000000e+06
1.883769000000000000e+06
1.880038000000000000e+06
1.873687000000000000e+06
1.865989000000000000e+06
1.854408000000000000e+06
1.843681000000000000e+06
1.829310000000000000e+06
1.821495000000000000e+06
1.811631000000000000e+06
1.808325000000000000e+06
1.808927000000000000e+06
1.812982000000000000e+06
1.826052000000000000e+06
1.842916000000000000e+06
1.850459000000000000e+06
1.863624000000000000e+06
1.874243000000000000e+06
1.879508000000000000e+06
1.884112000000000000e+06
1.886715000000000000e+06
1.891588000000000000e+06
1.893476000000000000e+06
1.893551000000000000e+06
1.894393000000000000e+06
1.894862000000000000e+06
1.898679000000000000e+06
1.894379000000000000e+06
1.896703000000000000e+06
1.899151000000000000e+06
1.901313000000000000e+06
1.898548000000000000e+06
1.899213000000000000e+06
1.897817000000000000e+06
1.902570000000000000e+06
1.900606000000000000e+06
1.900359000000000000e+06
1.900768000000000000e+06
1.906347000000000000e+06
1.901538000000000000e+06
1.903241000000000000e+06
1.900421000000000000e+06
1.902405000000000000e+06
1.900761000000000000e+06
1.901265000000000000e+06
1.901478000000000000e+06
1.902476000000000000e+06
1.902862000000000000e+06
1.903520000000000000e+06
1.902907000000000000e+06
1.904548000000000000e+06
1.901264000000000000e+06
1.900796000000000000e+06
1.900003000000000000e+06
1.903256000000000000e+06
1.899429000000000000e+06
1.900351000000000000e+06
1.901792000000000000e+06
1.902713000000000000e+06
1.902816000000000000e+06
1.902525000000000000e+06
1.900812000000000000e+06
1.905182000000000000e+06
1.901768000000000000e+06
1.903174000000000000e+06
1.900388000000000000e+06
1.904213000000000000e+06
1.902759000000000000e+06
1.903602000000000000e+06
1.902248000000000000e+06
1.904763000000000000e+06
1.899684000000000000e+06
1.901467000000000000e+06
1.901800000000000000e+06
1.901576000000000000e+06
1.900740000000000000e+06
1.902361000000000000e+06
1.901301000000000000e+06
1.902530000000000000e+06
1.899228000000000000e+06
1.900818000000000000e+06
1.903371000000000000e+06
1.904248000000000000e+06
1.901056000000000000e+06
1.901472000000000000e+06
1.899552000000000000e+06
1.904234000000000000e+06
1.900321000000000000e+06
1.901342000000000000e+06
1.896849000000000000e+06
1.898390000000000000e+06
1.897854000000000000e+06
1.896228000000000000e+06
1.891436000000000000e+06
1.892766000000000000e+06
1.886770000000000000e+06
1.875870000000000000e+06
1.873219000000000000e+06
1.870483000000000000e+06
1.864639000000000000e+06
1.863483000000000000e+06
1.868495000000000000e+06
1.869060000000000000e+06
1.875054000000000000e+06
1.876114000000000000e+06
1.876806000000000000e+06
1.877595000000000000e+06
1.874808000000000000e+06
1.874264000000000000e+06
1.878432000000000000e+06
1.884438000000000000e+06
1.884699000000000000e+06
1.887084000000000000e+06
1.892323000000000000e+06
1.895685000000000000e+06
1.895761000000000000e+06
1.898033000000000000e+06
1.897068000000000000e+06
1.901721000000000000e+06
1.900454000000000000e+06
1.900293000000000000e+06
1.900159000000000000e+06
1.901990000000000000e+06
1.899583000000000000e+06
1.900668000000000000e+06
1.904645000000000000e+06
1.903642000000000000e+06
1.901904000000000000e+06
1.900143000000000000e+06
1.899794000000000000e+06
1.903343000000000000e+06
1.901657000000000000e+06
1.900903000000000000e+06
1.901000000000000000e+06
1.905942000000000000e+06
1.898648000000000000e+06
1.903576000000000000e+06
1.900276000000000000e+06
1.904350000000000000e+06
1.902639000000000000e+06
1.901788000000000000e+06
1.900381000000000000e+06
1.903202000000000000e+06
1.902287000000000000e+06
1.900945000000000000e+06
1.898766000000000000e+06
1.902680000000000000e+06
1.902866000000000000e+06
1.900605000000000000e+06
1.900285000000000000e+06
1.899563000000000000e+06
1.899662000000000000e+06
1.897387000000000000e+06
1.899559000000000000e+06
1.902898000000000000e+06
1.899716000000000000e+06
1.900484000000000000e+06
1.896641000000000000e+06
1.902797000000000000e+06
1.896619000000000000e+06
1.893302000000000000e+06
1.890105000000000000e+06
1.889694000000000000e+06
1.883093000000000000e+06
1.880362000000000000e+06
1.875397000000000000e+06
1.872491000000000000e+06
1.865231000000000000e+06
1.868131000000000000e+06
1.869544000000000000e+06
1.875969000000000000e+06
1.877823000000000000e+06
1.883146000000000000e+06
1.886290000000000000e+06
1.890667000000000000e+06
1.887705000000000000e+06
1.886446000000000000e+06
1.884607000000000000e+06
1.884112000000000000e+06
1.881065000000000000e+06
1.879057000000000000e+06
1.878235000000000000e+06
1.884216000000000000e+06
1.881913000000000000e+06
1.887531000000000000e+06
1.891724000000000000e+06
1.894593000000000000e+06
1.896588000000000000e+06
1.895155000000000000e+06
1.898989000000000000e+06
1.901358000000000000e+06
1.900464000000000000e+06
1.898442000000000000e+06
1.900581000000000000e+06
1.901863000000000000e+06
1.900629000000000000e+06
1.901554000000000000e+06
1.901686000000000000e+06
1.903129000000000000e+06
1.900797000000000000e+06
1.900392000000000000e+06
1.901328000000000000e+06
1.902336000000000000e+06
1.900775000000000000e+06
1.903618000000000000e+06
1.902670000000000000e+06
1.903666000000000000e+06
1.901232000000000000e+06
1.901090000000000000e+06
1.900679000000000000e+06
1.907075000000000000e+06
1.899616000000000000e+06
1.902193000000000000e+06
1.903594000000000000e+06
1.902566000000000000e+06
1.901993000000000000e+06
1.901605000000000000e+06
1.902990000000000000e+06
1.904728000000000000e+06
1.901877000000000000e+06
1.902790000000000000e+06
1.901691000000000000e+06
1.902880000000000000e+06
1.901438000000000000e+06
1.902368000000000000e+06
1.901507000000000000e+06
1.902546000000000000e+06
1.902945000000000000e+06
1.900901000000000000e+06
1.902870000000000000e+06
1.903551000000000000e+06
1.900746000000000000e+06
1.901352000000000000e+06
1.899820000000000000e+06
1.901424000000000000e+06
1.898984000000000000e+06
1.901120000000000000e+06
1.900456000000000000e+06
1.900935000000000000e+06
1.901334000000000000e+06
1.899220000000000000e+06
1.897900000000000000e+06
1.899876000000000000e+06
1.898035000000000000e+06
1.895137000000000000e+06
1.898197000000000000e+06
1.896715000000000000e+06
1.894744000000000000e+06
1.891260000000000000e+06
1.888652000000000000e+06
1.889742000000000000e+06
1.883745000000000000e+06
1.875542000000000000e+06
1.869979000000000000e+06
1.863423000000000000e+06
1.850281000000000000e+06
1.837365000000000000e+06
1.834138000000000000e+06
1.835099000000000000e+06
1.838960000000000000e+06
1.850738000000000000e+06
1.857101000000000000e+06
1.871214000000000000e+06
1.874347000000000000e+06
1.876949000000000000e+06
1.882950000000000000e+06
1.886423000000000000e+06
1.884395000000000000e+06
1.887339000000000000e+06
1.886950000000000000e+06
1.889630000000000000e+06
1.885480000000000000e+06
1.881752000000000000e+06
1.878693000000000000e+06
1.872648000000000000e+06
1.865043000000000000e+06
1.856824000000000000e+06
1.852905000000000000e+06
1.860118000000000000e+06
1.863167000000000000e+06
1.870009000000000000e+06
1.878807000000000000e+06
1.888225000000000000e+06
1.890890000000000000e+06
1.890756000000000000e+06
1.894074000000000000e+06
1.895374000000000000e+06
1.897090000000000000e+06
1.896081000000000000e+06
1.895909000000000000e+06
1.901000000000000000e+06
1.899591000000000000e+06
1.897546000000000000e+06
1.898099000000000000e+06
1.902054000000000000e+06
1.901177000000000000e+06
1.898643000000000000e+06
1.898850000000000000e+06
1.901331000000000000e+06
1.901119000000000000e+06
1.900022000000000000e+06
1.901574000000000000e+06
1.900416000000000000e+06
1.901478000000000000e+06
1.901728000000000000e+06
1.903412000000000000e+06
1.902287000000000000e+06
1.900369000000000000e+06
1.897994000000000000e+06
1.900949000000000000e+06
1.905792000000000000e+06
1.901247000000000000e+06
1.899600000000000000e+06
1.900068000000000000e+06
1.903845000000000000e+06
1.898374000000000000e+06
1.901473000000000000e+06
1.898279000000000000e+06
1.899740000000000000e+06
1.899316000000000000e+06
1.901160000000000000e+06
1.897962000000000000e+06
1.902001000000000000e+06
1.898709000000000000e+06
1.899970000000000000e+06
1.898811000000000000e+06
1.897662000000000000e+06
1.897697000000000000e+06
1.897167000000000000e+06
1.898129000000000000e+06
1.898539000000000000e+06
1.896591000000000000e+06
1.892516000000000000e+06
1.893437000000000000e+06
1.895147000000000000e+06
1.887941000000000000e+06
1.886901000000000000e+06
1.885040000000000000e+06
1.884242000000000000e+06
1.877138000000000000e+06
1.871640000000000000e+06
1.864617000000000000e+06
1.858391000000000000e+06
1.851480000000000000e+06
1.845699000000000000e+06
1.838192000000000000e+06
1.834161000000000000e+06
1.830925000000000000e+06
1.825925000000000000e+06
1.828745000000000000e+06
1.836696000000000000e+06
1.845217000000000000e+06
1.856508000000000000e+06
1.865103000000000000e+06
1.871158000000000000e+06
1.875561000000000000e+06
1.880842000000000000e+06
1.885567000000000000e+06
1.887853000000000000e+06
1.885360000000000000e+06
1.889581000000000000e+06
1.886530000000000000e+06
1.890246000000000000e+06
1.885980000000000000e+06
1.886338000000000000e+06
1.885912000000000000e+06
1.886682000000000000e+06
1.881893000000000000e+06
1.878731000000000000e+06
1.872615000000000000e+06
1.865215000000000000e+06
1.853002000000000000e+06
1.843152000000000000e+06
1.838617000000000000e+06
1.843872000000000000e+06
1.846468000000000000e+06
1.859616000000000000e+06
1.869298000000000000e+06
1.878830000000000000e+06
1.879728000000000000e+06
1.883909000000000000e+06
1.890347000000000000e+06
1.893662000000000000e+06
1.891596000000000000e+06
1.893732000000000000e+06
1.894849000000000000e+06
1.895704000000000000e+06
1.897971000000000000e+06
1.898679000000000000e+06
1.896120000000000000e+06
1.897666000000000000e+06
1.897930000000000000e+06
1.899037000000000000e+06
1.898613000000000000e+06
1.903105000000000000e+06
1.896624000000000000e+06
1.899579000000000000e+06
1.895588000000000000e+06
1.902837000000000000e+06
1.900634000000000000e+06
1.900513000000000000e+06
1.901920000000000000e+06
1.902530000000000000e+06
1.898128000000000000e+06
1.901301000000000000e+06
1.901796000000000000e+06
1.905024000000000000e+06
1.902526000000000000e+06
1.900869000000000000e+06
1.901812000000000000e+06
1.901954000000000000e+06
1.902184000000000000e+06
1.901787000000000000e+06
1.898912000000000000e+06
1.902074000000000000e+06
1.902058000000000000e+06
1.901277000000000000e+06
1.900637000000000000e+06
1.906706000000000000e+06
1.902070000000000000e+06
1.902440000000000000e+06
1.903088000000000000e+06
1.904682000000000000e+06
1.901724000000000000e+06
1.903042000000000000e+06
1.900604000000000000e+06
1.903773000000000000e+06
1.900275000000000000e+06
1.901804000000000000e+06
1.899739000000000000e+06
1.905304000000000000e+06
1.901277000000000000e+06
1.902277000000000000e+06
1.902383000000000000e+06
1.902488000000000000e+06
1.901475000000000000e+06
1.901473000000000000e+06
1.902457000000000000e+06
1.904951000000000000e+06
1.901277000000000000e+06
1.902250000000000000e+06
1.902186000000000000e+06
1.902422000000000000e+06
1.900970000000000000e+06
1.900426000000000000e+06
1.904457000000000000e+06
1.903571000000000000e+06
1.901489000000000000e+06
1.903394000000000000e+06
1.899384000000000000e+06
1.905217000000000000e+06
1.901392000000000000e+06
1.901573000000000000e+06
1.900864000000000000e+06
1.902030000000000000e+06
1.901662000000000000e+06
1.900813000000000000e+06
1.904299000000000000e+06
1.902939000000000000e+06
1.899050000000000000e+06
1.899628000000000000e+06
1.901891000000000000e+06
1.905483000000000000e+06
1.900780000000000000e+06
1.900569000000000000e+06
1.900803000000000000e+06
1.904588000000000000e+06
1.901042000000000000e+06
1.902619000000000000e+06
1.902597000000000000e+06
1.901815000000000000e+06
1.900651000000000000e+06
1.901826000000000000e+06
1.902323000000000000e+06
1.904486000000000000e+06
1.902542000000000000e+06
1.902684000000000000e+06
1.901156000000000000e+06
1.904632000000000000e+06
1.900724000000000000e+06
1.900675000000000000e+06
1.901134000000000000e+06
1.904041000000000000e+06
1.900975000000000000e+06
1.902100000000000000e+06
1.902860000000000000e+06
1.903272000000000000e+06
1.900409000000000000e+06
1.900059000000000000e+06
1.902496000000000000e+06
1.903871000000000000e+06
1.901017000000000000e+06
1.899070000000000000e+06
1.902928000000000000e+06
1.901564000000000000e+06
1.902762000000000000e+06
1.902417000000000000e+06
1.902020000000000000e+06
1.904367000000000000e+06
1.900208000000000000e+06
1.899022000000000000e+06
1.898185000000000000e+06
1.903625000000000000e+06
1.903226000000000000e+06
1.900845000000000000e+06
1.900491000000000000e+06
1.906757000000000000e+06
1.900648000000000000e+06
1.899239000000000000e+06
1.900908000000000000e+06
1.905546000000000000e+06
1.900607000000000000e+06
1.899023000000000000e+06
1.902035000000000000e+06
1.904175000000000000e+06
1.901919000000000000e+06
1.903052000000000000e+06
1.900118000000000000e+06
1.903007000000000000e+06
1.900950000000000000e+06
1.901270000000000000e+06
1.901686000000000000e+06
1.904616000000000000e+06
1.902514000000000000e+06
1.900683000000000000e+06
1.899689000000000000e+06
1.904424000000000000e+06
1.901667000000000000e+06
1.899658000000000000e+06
1.901858000000000000e+06
1.900892000000000000e+06
1.900773000000000000e+06
1.902772000000000000e+06
1.899434000000000000e+06
1.903290000000000000e+06
1.900444000000000000e+06
1.902532000000000000e+06
1.901183000000000000e+06
1.901878000000000000e+06
1.902215000000000000e+06
1.900580000000000000e+06
1.901612000000000000e+06
1.903205000000000000e+06
1.903124000000000000e+06
1.898506000000000000e+06
1.903619000000000000e+06
1.904048000000000000e+06
1.901524000000000000e+06
1.901265000000000000e+06
1.903931000000000000e+06
1.902865000000000000e+06
1.901533000000000000e+06
1.901101000000000000e+06
1.900991000000000000e+06
1.901916000000000000e+06
1.901590000000000000e+06
1.900636000000000000e+06
1.901170000000000000e+06
1.902327000000000000e+06
1.900212000000000000e+06
1.899959000000000000e+06
1.900651000000000000e+06
1.901748000000000000e+06
1.899473000000000000e+06
1.899495000000000000e+06
1.900770000000000000e+06
1.901183000000000000e+06
1.900504000000000000e+06
1.901989000000000000e+06
1.899831000000000000e+06
1.902357000000000000e+06
1.900690000000000000e+06
1.900699000000000000e+06
1.900473000000000000e+06
1.901759000000000000e+06
1.902283000000000000e+06
1.900385000000000000e+06
1.901769000000000000e+06
1.903866000000000000e+06
1.898932000000000000e+06
1.901745000000000000e+06
1.898442000000000000e+06
1.901659000000000000e+06
1.899801000000000000e+06
1.901093000000000000e+06
1.899722000000000000e+06
1.900919000000000000e+06
1.899601000000000000e+06
1.900414000000000000e+06
1.901650000000000000e+06
1.901601000000000000e+06
1.901459000000000000e+06
1.899656000000000000e+06
1.901422000000000000e+06
1.903195000000000000e+06
1.899750000000000000e+06
1.901856000000000000e+06
1.901092000000000000e+06
1.902809000000000000e+06
1.901212000000000000e+06
1.901097000000000000e+06
1.901436000000000000e+06
1.903700000000000000e+06
1.901475000000000000e+06
1.901833000000000000e+06
1.899780000000000000e+06
1.902314000000000000e+06
1.898855000000000000e+06
1.902570000000000000e+06
1.902978000000000000e+06
1.902394000000000000e+06
1.898087000000000000e+06
1.899004000000000000e+06
1.899596000000000000e+06
1.902027000000000000e+06
1.901025000000000000e+06
1.898344000000000000e+06
1.901151000000000000e+06
1.903011000000000000e+06
1.900070000000000000e+06
1.900612000000000000e+06
1.901952000000000000e+06
1.902631000000000000e+06
1.899788000000000000e+06
1.898926000000000000e+06
1.900489000000000000e+06
1.901671000000000000e+06
1.902906000000000000e+06
1.901018000000000000e+06
1.901003000000000000e+06
1.903329000000000000e+06
1.901188000000000000e+06
1.899612000000000000e+06
1.900944000000000000e+06
1.903934000000000000e+06
1.899938000000000000e+06
1.900383000000000000e+06
1.900014000000000000e+06
1.901608000000000000e+06
1.899966000000000000e+06
1.900253000000000000e+06
1.900007000000000000e+06
1.902698000000000000e+06
1.899830000000000000e+06
1.900334000000000000e+06
1.900891000000000000e+06
1.901566000000000000e+06
1.900077000000000000e+06
1.900320000000000000e+06
1.899020000000000000e+06
1.900015000000000000e+06
1.900163000000000000e+06
1.900689000000000000e+06
1.899363000000000000e+06
1.901004000000000000e+06
1.897986000000000000e+06
1.900150000000000000e+06
1.898521000000000000e+06
1.905149000000000000e+06
1.899692000000000000e+06
1.899840000000000000e+06
1.897289000000000000e+06
1.901514000000000000e+06
1.898960000000000000e+06
1.898226000000000000e+06
1.898738000000000000e+06
1.903083000000000000e+06
1.897925000000000000e+06
1.897768000000000000e+06
1.899127000000000000e+06
1.904041000000000000e+06
1.897575000000000000e+06
1.900562000000000000e+06
1.899748000000000000e+06
1.899078000000000000e+06
1.897912000000000000e+06
1.900153000000000000e+06
1.897103000000000000e+06
1.899687000000000000e+06
1.900890000000000000e+06
1.897749000000000000e+06
1.898770000000000000e+06
1.899394000000000000e+06
1.897781000000000000e+06
1.899801000000000000e+06
1.898806000000000000e+06
1.900054000000000000e+06
1.899217000000000000e+06
1.900327000000000000e+06
1.900048000000000000e+06
1.900302000000000000e+06
1.896868000000000000e+06
1.897504000000000000e+06
1.901522000000000000e+06
1.903075000000000000e+06
1.898035000000000000e+06
1.898136000000000000e+06
1.901332000000000000e+06
1.900116000000000000e+06
1.898323000000000000e+06
1.897773000000000000e+06
1.897508000000000000e+06
1.901092000000000000e+06
1.897734000000000000e+06
1.900517000000000000e+06
1.898365000000000000e+06
1.900210000000000000e+06
1.900824000000000000e+06
1.896548000000000000e+06
1.896831000000000000e+06
1.899626000000000000e+06
1.899288000000000000e+06
1.895307000000000000e+06
1.898453000000000000e+06
1.900032000000000000e+06
1.900164000000000000e+06
1.899440000000000000e+06
1.897551000000000000e+06
1.902479000000000000e+06
1.898082000000000000e+06
1.897127000000000000e+06
1.898372000000000000e+06
1.899806000000000000e+06
1.894733000000000000e+06
1.898036000000000000e+06
1.899551000000000000e+06
1.901288000000000000e+06
1.898582000000000000e+06
1.897920000000000000e+06
1.898519000000000000e+06
1.902384000000000000e+06
1.898049000000000000e+06
1.896944000000000000e+06
1.897610000000000000e+06
1.898389000000000000e+06
1.897149000000000000e+06
1.900152000000000000e+06
1.898423000000000000e+06
1.900784000000000000e+06
1.898789000000000000e+06
1.897611000000000000e+06
1.900737000000000000e+06
1.900726000000000000e+06
1.897408000000000000e+06
1.899326000000000000e+06
1.899849000000000000e+06
1.899171000000000000e+06
1.899633000000000000e+06
1.898710000000000000e+06
1.896684000000000000e+06
1.901616000000000000e+06
1.898649000000000000e+06
1.898844000000000000e+06
1.896630000000000000e+06
1.897531000000000000e+06
1.899135000000000000e+06
1.896959000000000000e+06
1.898352000000000000e+06
1.897000000000000000e+06
1.896349000000000000e+06
1.898855000000000000e+06
1.897120000000000000e+06
1.899483000000000000e+06
1.897771000000000000e+06
1.899839000000000000e+06
1.897703000000000000e+06
1.899660000000000000e+06
1.897913000000000000e+06
1.895619000000000000e+06
1.896929000000000000e+06
1.897871000000000000e+06
1.896737000000000000e+06
1.899138000000000000e+06
1.898349000000000000e+06
1.898924000000000000e+06
1.896244000000000000e+06
1.898272000000000000e+06
1.898847000000000000e+06
1.900172000000000000e+06
1.896468000000000000e+06
1.896278000000000000e+06
1.895728000000000000e+06
1.898408000000000000e+06
1.896063000000000000e+06
1.897546000000000000e+06
1.896772000000000000e+06
1.900380000000000000e+06
1.897062000000000000e+06
1.897617000000000000e+06
1.899246000000000000e+06
1.899457000000000000e+06
1.897974000000000000e+06
1.899938000000000000e+06
1.895724000000000000e+06
1.900670000000000000e+06
1.898369000000000000e+06
1.898534000000000000e+06
1.899202000000000000e+06
1.900315000000000000e+06
1.896012000000000000e+06
1.896784000000000000e+06
1.896149000000000000e+06
1.898801000000000000e+06
1.897717000000000000e+06
1.896768000000000000e+06
1.896499000000000000e+06
1.899314000000000000e+06
1.896577000000000000e+06
1.896404000000000000e+06
1.895582000000000000e+06
1.899317000000000000e+06
1.895033000000000000e+06
1.897583000000000000e+06
1.896783000000000000e+06
1.901167000000000000e+06
1.896151000000000000e+06
1.896704000000000000e+06
1.896891000000000000e+06
1.898008000000000000e+06
1.895266000000000000e+06
1.896075000000000000e+06
1.897437000000000000e+06
1.899642000000000000e+06
1.898226000000000000e+06
1.900156000000000000e+06
1.897149000000000000e+06
1.896614000000000000e+06
1.896767000000000000e+06
1.894410000000000000e+06
1.897535000000000000e+06
1.898506000000000000e+06
1.895873000000000000e+06
1.895250000000000000e+06
1.895353000000000000e+06
1.897568000000000000e+06
1.896015000000000000e+06
1.897320000000000000e+06
1.897804000000000000e+06
1.898746000000000000e+06
1.895243000000000000e+06
1.897857000000000000e+06
1.895067000000000000e+06
1.898408000000000000e+06
1.896559000000000000e+06
1.897451000000000000e+06
1.895323000000000000e+06
1.898222000000000000e+06
1.897246000000000000e+06
1.895853000000000000e+06
1.895372000000000000e+06
1.897204000000000000e+06
1.897442000000000000e+06
1.896779000000000000e+06
1.897761000000000000e+06
1.898987000000000000e+06
1.895887000000000000e+06
1.896823000000000000e+06
1.895181000000000000e+06
1.898219000000000000e+06
1.895759000000000000e+06
1.894834000000000000e+06
1.897941000000000000e+06
1.900043000000000000e+06
1.897638000000000000e+06
1.897954000000000000e+06
1.896066000000000000e+06
1.898845000000000000e+06
1.895955000000000000e+06
1.897085000000000000e+06
1.894596000000000000e+06
1.900152000000000000e+06
1.897635000000000000e+06
1.897284000000000000e+06
1.894862000000000000e+06
1.898354000000000000e+06
1.896426000000000000e+06
1.895130000000000000e+06
1.900369000000000000e+06
1.898434000000000000e+06
1.896400000000000000e+06
1.896808000000000000e+06
1.891587000000000000e+06
1.898041000000000000e+06
1.895702000000000000e+06
1.897579000000000000e+06
1.895338000000000000e+06
1.897438000000000000e+06
1.896682000000000000e+06
1.898684000000000000e+06
1.896458000000000000e+06
1.896844000000000000e+06
1.897216000000000000e+06
1.893535000000000000e+06
1.894717000000000000e+06
1.898227000000000000e+06
1.894688000000000000e+06
1.896963000000000000e+06
1.894264000000000000e+06
1.899818000000000000e+06
1.895761000000000000e+06
1.894383000000000000e+06
1.895598000000000000e+06
1.897339000000000000e+06
1.897346000000000000e+06
1.896006000000000000e+06
1.894889000000000000e+06
1.896539000000000000e+06
1.896902000000000000e+06
1.894361000000000000e+06
1.896281000000000000e+06
1.897219000000000000e+06
1.894782000000000000e+06
1.895242000000000000e+06
1.895512000000000000e+06
1.897690000000000000e+06
1.893766000000000000e+06
1.896202000000000000e+06
1.895524000000000000e+06
1.895229000000000000e+06
1.894364000000000000e+06
1.895788000000000000e+06
1.893591000000000000e+06
1.893068000000000000e+06
1.894587000000000000e+06
1.895259000000000000e+06
1.893836000000000000e+06
1.895720000000000000e+06
1.890877000000000000e+06
1.893224000000000000e+06
1.892843000000000000e+06
1.895229000000000000e+06
1.892414000000000000e+06
1.892135000000000000e+06
1.889741000000000000e+06
1.893361000000000000e+06
1.889484000000000000e+06
1.890431000000000000e+06
1.888519000000000000e+06
1.889841000000000000e+06
1.887293000000000000e+06
1.882846000000000000e+06
1.882823000000000000e+06
1.882516000000000000e+06
1.874788000000000000e+06
1.871393000000000000e+06
1.862731000000000000e+06
1.855813000000000000e+06
1.844392000000000000e+06
1.835116000000000000e+06
1.829124000000000000e+06
1.837745000000000000e+06
1.842723000000000000e+06
1.855701000000000000e+06
1.862830000000000000e+06
1.868869000000000000e+06
1.874530000000000000e+06
1.875424000000000000e+06
1.880054000000000000e+06
1.881792000000000000e+06
1.881293000000000000e+06
1.881804000000000000e+06
1.878137000000000000e+06
1.884203000000000000e+06
1.877775000000000000e+06
1.879608000000000000e+06
1.881023000000000000e+06
1.874316000000000000e+06
1.870037000000000000e+06
1.865874000000000000e+06
1.858402000000000000e+06
1.848622000000000000e+06
1.839168000000000000e+06
1.829907000000000000e+06
1.822442000000000000e+06
1.820720000000000000e+06
1.817959000000000000e+06
1.823268000000000000e+06
1.830165000000000000e+06
1.837434000000000000e+06
1.839121000000000000e+06
1.845985000000000000e+06
1.855373000000000000e+06
1.863407000000000000e+06
1.866187000000000000e+06
1.872580000000000000e+06
1.875469000000000000e+06
1.880290000000000000e+06
1.883504000000000000e+06
1.882430000000000000e+06
1.882532000000000000e+06
1.888853000000000000e+06
1.889636000000000000e+06
1.885032000000000000e+06
1.887089000000000000e+06
1.890717000000000000e+06
1.890281000000000000e+06
1.886050000000000000e+06
1.891346000000000000e+06
1.891862000000000000e+06
1.889841000000000000e+06
1.890458000000000000e+06
1.892782000000000000e+06
1.893930000000000000e+06
1.889506000000000000e+06
1.891048000000000000e+06
1.893312000000000000e+06
1.893323000000000000e+06
1.891308000000000000e+06
1.892299000000000000e+06
1.890222000000000000e+06
1.892606000000000000e+06
1.894720000000000000e+06
1.891047000000000000e+06
1.892628000000000000e+06
1.894675000000000000e+06
1.891993000000000000e+06
1.891046000000000000e+06
1.891168000000000000e+06
1.895933000000000000e+06
1.893411000000000000e+06
1.892680000000000000e+06
1.894007000000000000e+06
1.893420000000000000e+06
1.891316000000000000e+06
1.890974000000000000e+06
1.892968000000000000e+06
1.892596000000000000e+06
1.890263000000000000e+06
1.890688000000000000e+06
1.890122000000000000e+06
1.894400000000000000e+06
1.891084000000000000e+06
1.891181000000000000e+06
1.889740000000000000e+06
1.891717000000000000e+06
1.887209000000000000e+06
1.885987000000000000e+06
1.885836000000000000e+06
1.884246000000000000e+06
1.881560000000000000e+06
1.878123000000000000e+06
1.871812000000000000e+06
1.869013000000000000e+06
1.860538000000000000e+06
1.852679000000000000e+06
1.847824000000000000e+06
1.850041000000000000e+06
1.852253000000000000e+06
1.857778000000000000e+06
1.866860000000000000e+06
1.874197000000000000e+06
1.872863000000000000e+06
1.876380000000000000e+06
1.878291000000000000e+06
1.881221000000000000e+06
1.877649000000000000e+06
1.875522000000000000e+06
1.876050000000000000e+06
1.876584000000000000e+06
1.870157000000000000e+06
1.868498000000000000e+06
1.857024000000000000e+06
1.849435000000000000e+06
1.837602000000000000e+06
1.830063000000000000e+06
1.822435000000000000e+06
1.825158000000000000e+06
1.832751000000000000e+06
1.843778000000000000e+06
1.853874000000000000e+06
1.865499000000000000e+06
1.867482000000000000e+06
1.873759000000000000e+06
1.878529000000000000e+06
1.881798000000000000e+06
1.884392000000000000e+06
1.885503000000000000e+06
1.884394000000000000e+06
1.890335000000000000e+06
1.887094000000000000e+06
1.888031000000000000e+06
1.890508000000000000e+06
1.891397000000000000e+06
1.890222000000000000e+06
1.892403000000000000e+06
1.887544000000000000e+06
1.893123000000000000e+06
1.888922000000000000e+06
1.891261000000000000e+06
1.892057000000000000e+06
1.893852000000000000e+06
1.890487000000000000e+06
1.893056000000000000e+06
1.891075000000000000e+06
1.895034000000000000e+06
1.892294000000000000e+06
1.892247000000000000e+06
1.892884000000000000e+06
1.891032000000000000e+06
1.895150000000000000e+06
1.892802000000000000e+06
1.893132000000000000e+06
1.893473000000000000e+06
1.894750000000000000e+06
1.893902000000000000e+06
1.893879000000000000e+06
1.897524000000000000e+06
1.892882000000000000e+06
1.891898000000000000e+06
1.893322000000000000e+06
1.894989000000000000e+06
1.892001000000000000e+06
1.894240000000000000e+06
1.891984000000000000e+06
1.892675000000000000e+06
1.894031000000000000e+06
1.892115000000000000e+06
1.892748000000000000e+06
1.894765000000000000e+06
1.891729000000000000e+06
1.892171000000000000e+06
1.893196000000000000e+06
1.894924000000000000e+06
1.894351000000000000e+06
1.891491000000000000e+06
1.890649000000000000e+06
1.893162000000000000e+06
1.893764000000000000e+06
1.892057000000000000e+06
1.892027000000000000e+06
1.892885000000000000e+06
1.892231000000000000e+06
1.891486000000000000e+06
1.889540000000000000e+06
1.892070000000000000e+06
1.887595000000000000e+06
1.886383000000000000e+06
1.884769000000000000e+06
1.883856000000000000e+06
1.881474000000000000e+06
1.873208000000000000e+06
1.870879000000000000e+06
1.873059000000000000e+06
1.871318000000000000e+06
1.872879000000000000e+06
1.872112000000000000e+06
1.881077000000000000e+06
1.879891000000000000e+06
1.877696000000000000e+06
1.880915000000000000e+06
1.880480000000000000e+06
1.875111000000000000e+06
1.868048000000000000e+06
1.865049000000000000e+06
1.860981000000000000e+06
1.858574000000000000e+06
1.856161000000000000e+06
1.862931000000000000e+06
1.866263000000000000e+06
1.874322000000000000e+06
1.877244000000000000e+06
1.881970000000000000e+06
1.886159000000000000e+06
1.884751000000000000e+06
1.885543000000000000e+06
1.886196000000000000e+06
1.890824000000000000e+06
1.887742000000000000e+06
1.891231000000000000e+06
1.888053000000000000e+06
1.893077000000000000e+06
1.890095000000000000e+06
1.889403000000000000e+06
1.891701000000000000e+06
1.893253000000000000e+06
1.890594000000000000e+06
1.891738000000000000e+06
1.892637000000000000e+06
1.892999000000000000e+06
1.892938000000000000e+06
1.892298000000000000e+06
1.891940000000000000e+06
1.890386000000000000e+06
1.891217000000000000e+06
1.892354000000000000e+06
1.892875000000000000e+06
1.894694000000000000e+06
1.892208000000000000e+06
1.892408000000000000e+06
1.891141000000000000e+06
1.892053000000000000e+06
1.890040000000000000e+06
1.893350000000000000e+06
1.892964000000000000e+06
1.891837000000000000e+06
1.892502000000000000e+06
1.890823000000000000e+06
1.891530000000000000e+06
1.893518000000000000e+06
1.890416000000000000e+06
1.892590000000000000e+06
1.891246000000000000e+06
1.890683000000000000e+06
1.891792000000000000e+06
1.891829000000000000e+06
1.890267000000000000e+06
1.887982000000000000e+06
1.886330000000000000e+06
1.885602000000000000e+06
1.886032000000000000e+06
1.885132000000000000e+06
1.879299000000000000e+06
1.875680000000000000e+06
1.870662000000000000e+06
1.869257000000000000e+06
1.863706000000000000e+06
1.866801000000000000e+06
1.865767000000000000e+06
1.871120000000000000e+06
1.868852000000000000e+06
1.862657000000000000e+06
1.860988000000000000e+06
1.858678000000000000e+06
1.854374000000000000e+06
1.858691000000000000e+06
1.858364000000000000e+06
1.865387000000000000e+06
1.871438000000000000e+06
1.875490000000000000e+06
1.878358000000000000e+06
1.885482000000000000e+06
1.884578000000000000e+06
1.885156000000000000e+06
1.888665000000000000e+06
1.890732000000000000e+06
1.888402000000000000e+06
1.888584000000000000e+06
1.891117000000000000e+06
1.892857000000000000e+06
1.890094000000000000e+06
1.890180000000000000e+06
1.890491000000000000e+06
1.891026000000000000e+06
1.893984000000000000e+06
1.891260000000000000e+06
1.890233000000000000e+06
1.893245000000000000e+06
1.891971000000000000e+06
1.893243000000000000e+06
1.891746000000000000e+06
1.895126000000000000e+06
1.892914000000000000e+06
1.892903000000000000e+06
1.892351000000000000e+06
1.895222000000000000e+06
1.893640000000000000e+06
1.892605000000000000e+06
1.890786000000000000e+06
1.895338000000000000e+06
1.893220000000000000e+06
1.892358000000000000e+06
1.892360000000000000e+06
1.894718000000000000e+06
1.893338000000000000e+06
1.891404000000000000e+06
1.894155000000000000e+06
1.897452000000000000e+06
1.891786000000000000e+06
1.892418000000000000e+06
1.892905000000000000e+06
1.894960000000000000e+06
1.891948000000000000e+06
1.892612000000000000e+06
1.892842000000000000e+06
1.895243000000000000e+06
1.894540000000000000e+06
1.889727000000000000e+06
1.894879000000000000e+06
1.892621000000000000e+06
1.891039000000000000e+06
1.891880000000000000e+06
1.891699000000000000e+06
1.895272000000000000e+06
1.892359000000000000e+06
1.893442000000000000e+06
1.891909000000000000e+06
1.892789000000000000e+06
1.891055000000000000e+06
1.889674000000000000e+06
1.889717000000000000e+06
1.892955000000000000e+06
1.888226000000000000e+06
1.891752000000000000e+06
1.891185000000000000e+06
1.889832000000000000e+06
1.890858000000000000e+06
1.888557000000000000e+06
1.889190000000000000e+06
1.888082000000000000e+06
1.886037000000000000e+06
1.884072000000000000e+06
1.884578000000000000e+06
1.883399000000000000e+06
1.878841000000000000e+06
1.873088000000000000e+06
1.866380000000000000e+06
1.862442000000000000e+06
1.854984000000000000e+06
1.837772000000000000e+06
1.825663000000000000e+06
1.813901000000000000e+06
1.802709000000000000e+06
1.802545000000000000e+06
1.803943000000000000e+06
1.810554000000000000e+06
1.812960000000000000e+06
1.827074000000000000e+06
1.838652000000000000e+06
1.851600000000000000e+06
1.859538000000000000e+06
1.865080000000000000e+06
1.871583000000000000e+06
1.876012000000000000e+06
1.879708000000000000e+06
1.883999000000000000e+06
1.883244000000000000e+06
1.886317000000000000e+06
1.885589000000000000e+06
1.888198000000000000e+06
1.888052000000000000e+06
1.890384000000000000e+06
1.889913000000000000e+06
1.889332000000000000e+06
1.890607000000000000e+06
1.889427000000000000e+06
1.890695000000000000e+06
1.893229000000000000e+06
1.890155000000000000e+06
1.891882000000000000e+06
1.889048000000000000e+06
1.891273000000000000e+06
1.891319000000000000e+06
1.892669000000000000e+06
1.892381000000000000e+06
1.891617000000000000e+06
1.890458000000000000e+06
1.895584000000000000e+06
1.892515000000000000e+06
1.890889000000000000e+06
1.891194000000000000e+06
1.893942000000000000e+06
1.893648000000000000e+06
1.891790000000000000e+06
1.891188000000000000e+06
1.894375000000000000e+06
1.892903000000000000e+06
1.890479000000000000e+06
1.894112000000000000e+06
1.893276000000000000e+06
1.894397000000000000e+06
1.893489000000000000e+06
1.891533000000000000e+06
1.894397000000000000e+06
1.891201000000000000e+06
1.893231000000000000e+06
1.892008000000000000e+06
1.895225000000000000e+06
1.892280000000000000e+06
1.894507000000000000e+06
1.891940000000000000e+06
1.896238000000000000e+06
1.892740000000000000e+06
1.893666000000000000e+06
1.891879000000000000e+06
1.894486000000000000e+06
1.892000000000000000e+06
1.892911000000000000e+06
1.894045000000000000e+06
1.896193000000000000e+06
1.892316000000000000e+06
1.890823000000000000e+06
1.890360000000000000e+06
1.892542000000000000e+06
1.889658000000000000e+06
1.890508000000000000e+06
1.889153000000000000e+06
1.888410000000000000e+06
1.889223000000000000e+06
1.886949000000000000e+06
1.886261000000000000e+06
1.883244000000000000e+06
1.882879000000000000e+06
1.880320000000000000e+06
1.877812000000000000e+06
1.877010000000000000e+06
1.871678000000000000e+06
1.864804000000000000e+06
1.858904000000000000e+06
1.855647000000000000e+06
1.840388000000000000e+06
1.829236000000000000e+06
1.807781000000000000e+06
1.792235000000000000e+06
1.777581000000000000e+06
1.766017000000000000e+06
1.764573000000000000e+06
1.771578000000000000e+06
1.776933000000000000e+06
1.795217000000000000e+06
1.811864000000000000e+06
1.832055000000000000e+06
1.842510000000000000e+06
1.852887000000000000e+06
1.861746000000000000e+06
1.871574000000000000e+06
1.872912000000000000e+06
1.876794000000000000e+06
1.878408000000000000e+06
1.881481000000000000e+06
1.884886000000000000e+06
1.884635000000000000e+06
1.887517000000000000e+06
1.886368000000000000e+06
1.887697000000000000e+06
1.887086000000000000e+06
1.889434000000000000e+06
1.892563000000000000e+06
1.887488000000000000e+06
1.892943000000000000e+06
1.893161000000000000e+06
1.892057000000000000e+06
1.890831000000000000e+06
1.893592000000000000e+06
1.893603000000000000e+06
1.891123000000000000e+06
1.891021000000000000e+06
1.890719000000000000e+06
1.889770000000000000e+06
1.895662000000000000e+06
1.892428000000000000e+06
1.892715000000000000e+06
1.892135000000000000e+06
1.893876000000000000e+06
1.895886000000000000e+06
1.893515000000000000e+06
1.894573000000000000e+06
1.897354000000000000e+06
1.893692000000000000e+06
1.894078000000000000e+06
1.895652000000000000e+06
1.895687000000000000e+06
1.892374000000000000e+06
1.893596000000000000e+06
1.892676000000000000e+06
1.899141000000000000e+06
1.892010000000000000e+06
1.893661000000000000e+06
1.893113000000000000e+06
1.896017000000000000e+06
1.894129000000000000e+06
1.896402000000000000e+06
1.892533000000000000e+06
1.898692000000000000e+06
1.894864000000000000e+06
1.895721000000000000e+06
1.892756000000000000e+06
1.897694000000000000e+06
1.895616000000000000e+06
1.894966000000000000e+06
1.893190000000000000e+06
1.894924000000000000e+06
1.893238000000000000e+06
1.895181000000000000e+06
1.896094000000000000e+06
1.897223000000000000e+06
1.896487000000000000e+06
1.897328000000000000e+06
1.893668000000000000e+06
1.898679000000000000e+06
1.895732000000000000e+06
1.894309000000000000e+06
1.894705000000000000e+06
1.894341000000000000e+06
1.892162000000000000e+06
1.893263000000000000e+06
1.893949000000000000e+06
1.897653000000000000e+06
1.892335000000000000e+06
1.893119000000000000e+06
1.897062000000000000e+06
1.897123000000000000e+06
1.895155000000000000e+06
1.894422000000000000e+06
1.894389000000000000e+06
1.898422000000000000e+06
1.894050000000000000e+06
1.894718000000000000e+06
1.895288000000000000e+06
1.898841000000000000e+06
1.895581000000000000e+06
1.897722000000000000e+06
1.895486000000000000e+06
1.897927000000000000e+06
1.893653000000000000e+06
1.894445000000000000e+06
1.895094000000000000e+06
1.894762000000000000e+06
1.897602000000000000e+06
1.895782000000000000e+06
1.895062000000000000e+06
1.898181000000000000e+06
1.893072000000000000e+06
1.894849000000000000e+06
1.895315000000000000e+06
1.899635000000000000e+06
1.898020000000000000e+06
1.894767000000000000e+06
1.895241000000000000e+06
1.897861000000000000e+06
1.894902000000000000e+06
1.896741000000000000e+06
1.894774000000000000e+06
1.898217000000000000e+06
1.896937000000000000e+06
1.898169000000000000e+06
1.895904000000000000e+06
1.900215000000000000e+06
1.893903000000000000e+06
1.894113000000000000e+06
1.895326000000000000e+06
1.896055000000000000e+06
1.894141000000000000e+06
1.894008000000000000e+06
1.896047000000000000e+06
1.896466000000000000e+06
1.898423000000000000e+06
1.898196000000000000e+06
1.897334000000000000e+06
1.898687000000000000e+06
1.896268000000000000e+06
1.893754000000000000e+06
1.893887000000000000e+06
1.898667000000000000e+06
1.897040000000000000e+06
1.895360000000000000e+06
1.895225000000000000e+06
1.896492000000000000e+06
1.897052000000000000e+06
1.897829000000000000e+06
1.897295000000000000e+06
1.901118000000000000e+06
1.894974000000000000e+06
1.896103000000000000e+06
1.895259000000000000e+06
1.896825000000000000e+06
1.896596000000000000e+06
1.893861000000000000e+06
1.896553000000000000e+06
1.899038000000000000e+06
1.896866000000000000e+06
1.895154000000000000e+06
1.897055000000000000e+06
1.898002000000000000e+06
1.895891000000000000e+06
1.898160000000000000e+06
1.895580000000000000e+06
1.897286000000000000e+06
1.896600000000000000e+06
1.896924000000000000e+06
1.897033000000000000e+06
1.899410000000000000e+06
1.894326000000000000e+06
1.896804000000000000e+06
1.898059000000000000e+06
1.902862000000000000e+06
1.895280000000000000e+06
1.897865000000000000e+06
1.895648000000000000e+06
1.897142000000000000e+06
1.897102000000000000e+06
1.894205000000000000e+06
1.896973000000000000e+06
1.901578000000000000e+06
1.897821000000000000e+06
1.896885000000000000e+06
1.898277000000000000e+06
1.898483000000000000e+06
1.895569000000000000e+06
1.896428000000000000e+06
1.894934000000000000e+06
1.899607000000000000e+06
1.897120000000000000e+06
1.897606000000000000e+06
1.896919000000000000e+06
1.901554000000000000e+06
1.897031000000000000e+06
1.897442000000000000e+06
1.898066000000000000e+06
1.899681000000000000e+06
1.898471000000000000e+06
1.898042000000000000e+06
1.897026000000000000e+06
1.898688000000000000e+06
1.897408000000000000e+06
1.896347000000000000e+06
1.895522000000000000e+06
1.898664000000000000e+06
1.897203000000000000e+06
1.897958000000000000e+06
1.896622000000000000e+06
1.898737000000000000e+06
1.898620000000000000e+06
1.897550000000000000e+06
1.900401000000000000e+06
1.896467000000000000e+06
1.898866000000000000e+06
1.896675000000000000e+06
1.898554000000000000e+06
1.900821000000000000e+06
1.895749000000000000e+06
1.897741000000000000e+06
1.896526000000000000e+06
1.900042000000000000e+06
1.896081000000000000e+06
1.895847000000000000e+06
1.895325000000000000e+06
1.896796000000000000e+06
1.898908000000000000e+06
1.898145000000000000e+06
1.898430000000000000e+06
1.899864000000000000e+06
1.898213000000000000e+06
1.900553000000000000e+06
1.895693000000000000e+06
1.901038000000000000e+06
1.897266000000000000e+06
1.898073000000000000e+06
1.898846000000000000e+06
1.896451000000000000e+06
1.896772000000000000e+06
1.899508000000000000e+06
1.900355000000000000e+06
1.900297000000000000e+06
1.896652000000000000e+06
1.898783000000000000e+06
1.895328000000000000e+06
1.902809000000000000e+06
1.899994000000000000e+06
1.897907000000000000e+06
1.898005000000000000e+06
1.897421000000000000e+06
1.896773000000000000e+06
1.899564000000000000e+06
1.896606000000000000e+06
1.903814000000000000e+06
1.896106000000000000e+06
1.899342000000000000e+06
1.898469000000000000e+06
1.898497000000000000e+06
1.898156000000000000e+06
1.899726000000000000e+06
1.896266000000000000e+06
1.900855000000000000e+06
1.897775000000000000e+06
1.898887000000000000e+06
1.899081000000000000e+06
1.902158000000000000e+06
1.899730000000000000e+06
1.896612000000000000e+06
1.897509000000000000e+06
1.900267000000000000e+06
1.899231000000000000e+06
1.899558000000000000e+06
1.898360000000000000e+06
1.899506000000000000e+06
1.898252000000000000e+06
1.900907000000000000e+06
1.899196000000000000e+06
1.900745000000000000e+06
1.898667000000000000e+06
1.897662000000000000e+06
1.897702000000000000e+06
1.898253000000000000e+06
1.901544000000000000e+06